390.4609914	376.6693743	328.337248
390.2628375	376.4789286	328.1728819
390.0646836	376.2884828	328.0085158
389.8665298	376.0980371	327.8441496
389.6683759	375.9075914	327.6797835
389.470222	375.7171456	327.5154174
389.2720681	375.5266999	327.3510513
389.0739142	375.3362542	327.1866852
388.8757604	375.1458084	327.0223191
388.6776065	374.9553627	326.8579529
388.4794526	374.764917	326.6935868
388.2812987	374.5744713	326.5292207
388.0831448	374.3840255	326.3648546
387.884991	374.1935798	326.2004885
387.6868371	374.0031341	326.0361223
387.4886832	373.8126883	325.8717562
387.2905293	373.6222426	325.7073901
387.0923754	373.4317969	325.543024
386.8942216	373.2413511	325.3786579
386.6960677	373.0509054	325.2142918
386.4979138	372.8604597	325.0499256
386.2997599	372.6700139	324.8855595
386.1016061	372.4795682	324.7211934
385.9034522	372.2891225	324.5568273
385.7052983	372.0986767	324.3924612
385.5071444	371.908231	324.228095
385.3089905	371.7177853	324.0637289
385.1108367	371.5273395	323.8993628
384.9126828	371.3368938	323.7349967
384.7145289	371.1464481	323.5706306
384.516375	370.9560024	323.4062645
384.3182211	370.7655566	323.2418983
384.1200673	370.5751109	323.0775322
383.9219134	370.3846652	322.9131661
383.7237595	370.1942194	322.7488
383.5256056	370.0037737	322.5844339
383.3274517	369.813328	322.4200677
383.1292979	369.6228822	322.2557016
382.931144	369.4324365	322.0913355
382.7329901	369.2419908	321.9269694
382.5348362	369.051545	321.7626033
382.3366823	368.8610993	321.5982371
382.1385285	368.6706536	321.433871
381.9403746	368.4802078	321.2695049
381.7422207	368.2897621	321.1051388
381.5440668	368.0993164	320.9407727
381.3459129	367.9088707	320.7764066
381.1477591	367.7184249	320.6120404
380.9496052	367.5279792	320.4476743
380.7514513	367.3375335	320.2833082
380.5532974	367.1470877	320.1189421
380.3551435	366.956642	319.954576
380.1569897	366.7661963	319.7902098
379.9588358	366.5757505	319.6258437
379.7606819	366.3853048	319.4614776
379.562528	366.1948591	319.2971115
379.3643741	366.0044133	319.1327454
379.1662203	365.8139676	318.9683793
378.9680664	365.6235219	318.8040131
378.7699125	365.4330761	318.639647
378.5717586	365.2426304	318.4752809
378.3736047	365.0521847	318.3109148
378.1754509	364.8617389	318.1465487
377.977297	364.6712932	317.9821825
377.7791431	364.4808475	317.8178164
377.5809892	364.2904018	317.6534503
377.3828354	364.099956	317.4890842
377.1846815	363.9095103	317.3247181
376.9865276	363.7190646	317.160352
376.7883737	363.5286188	316.9959858
376.5902198	363.3381731	316.8316197
376.392066	363.1477274	316.6672536
376.1939121	362.9572816	316.5028875
375.9957582	362.7668359	316.3385214
375.7976043	362.5763902	316.1741552
375.5994504	362.3859444	316.0097891
375.4012966	362.1954987	315.845423
375.2031427	362.005053	315.6810569
375.0049888	361.8146072	315.5166908
374.8068349	361.6241615	315.3523247
374.608681	361.4337158	315.1879585
374.4105272	361.24327	315.0235924
374.2123733	361.0528243	314.8592263
374.0142194	360.8623786	314.6948602
373.8160655	360.6719329	314.5304941
373.6179116	360.4814871	314.3661279
373.4197578	360.2910414	314.2017618
373.2216039	360.1005957	314.0373957
373.02345	359.9101499	313.8730296
372.8252961	359.7197042	313.7086635
372.6271422	359.5292585	313.5442974
372.4289884	359.3388127	313.3799312
372.2308345	359.148367	313.2155651
372.0326806	358.9579213	313.051199
371.8345267	358.7674755	312.8868329
371.6363728	358.5770298	312.7224668
371.438219	358.3865841	312.5581006
371.2400651	358.1961383	312.3937345
371.0419112	358.0056926	312.2293684
370.8437573	357.8152469	312.0650023
370.6456034	357.6248012	311.9006362
370.4474496	357.4343554	311.7362701
370.2492957	357.2439097	311.5719039
370.0511418	357.053464	311.4075378
369.8529879	356.8630182	311.2431717
369.654834	356.6725725	311.0788056
369.4566802	356.4821268	310.9144395
369.2585263	356.291681	310.7500733
369.0603724	356.1012353	310.5857072
368.8622185	355.9107896	310.4213411
368.6640647	355.7203438	310.256975
368.4659108	355.5298981	310.0926089
368.2677569	355.3394524	309.9282428
368.069603	355.1490066	309.7638766
367.8714491	354.9585609	309.5995105
367.6732953	354.7681152	309.4351444
367.4751414	354.5776694	309.2707783
367.2769875	354.3872237	309.1064122
367.0788336	354.196778	308.942046
366.8806797	354.0063323	308.7776799
366.6825259	353.8158865	308.6133138
366.484372	353.6254408	308.4489477
366.2862181	353.4349951	308.2845816
366.0880642	353.2445493	308.1202154
365.8899103	353.0541036	307.9558493
365.6917565	352.8636579	307.7914832
365.4936026	352.6732121	307.6271171
365.2954487	352.4827664	307.462751
365.0972948	352.2923207	307.2983849
364.8991409	352.1018749	307.1340187
364.7009871	351.9114292	306.9696526
364.5028332	351.7209835	306.8052865
364.3046793	351.5305377	306.6409204
364.1065254	351.340092	306.4765543
363.9083715	351.1496463	306.3121881
363.7102177	350.9592005	306.147822
363.5120638	350.7687548	305.9834559
363.3139099	350.5783091	305.8190898
363.115756	350.3878634	305.6547237
362.9176021	350.1974176	305.4903576
362.7194483	350.0069719	305.3259914
362.5212944	349.8165262	305.1616253
362.3231405	349.6260804	304.9972592
362.1249866	349.4356347	304.8328931
361.9268327	349.245189	304.668527
361.7286789	349.0547432	304.5041608
361.530525	348.8642975	304.3397947
361.3323711	348.6738518	304.1754286
361.1342172	348.483406	304.0110625
360.9360633	348.2929603	303.8466964
360.7379095	348.1025146	303.6823303
360.5397556	347.9120688	303.5179641
360.3416017	347.7216231	303.353598
360.1434478	347.5311774	303.1892319
359.945294	347.3407316	303.0248658
359.7471401	347.1502859	302.8604997
359.5489862	346.9598402	302.6961335
359.3508323	346.7693945	302.5317674
359.1526784	346.5789487	302.3674013
358.9545246	346.388503	302.2030352
358.7563707	346.1980573	302.0386691
358.5582168	346.0076115	301.874303
358.3600629	345.8171658	301.7099368
358.161909	345.6267201	301.5455707
357.9637552	345.4362743	301.3812046
357.7656013	345.2458286	301.2168385
357.5674474	345.0553829	301.0524724
357.3692935	344.8649371	300.8881062
357.1711396	344.6744914	300.7237401
356.9729858	344.4840457	300.559374
356.7748319	344.2935999	300.3950079
356.576678	344.1031542	300.2306418
356.3785241	343.9127085	300.0662757
356.1803702	343.7222628	299.9019095
355.9822164	343.531817	299.7375434
355.7840625	343.3413713	299.5731773
355.5859086	343.1509256	299.4088112
355.3877547	342.9604798	299.2444451
355.1896008	342.7700341	299.0800789
354.991447	342.5795884	298.9157128
354.7932931	342.3891426	298.7513467
354.5951392	342.1986969	298.5869806
354.3969853	342.0082512	298.4226145
354.1988314	341.8178054	298.2582484
354.0006776	341.6273597	298.0938822
353.8025237	341.436914	297.9295161
353.6043698	341.2464682	297.76515
353.4062159	341.0560225	297.6007839
353.208062	340.8655768	297.4364178
353.0099082	340.675131	297.2720516
352.8117543	340.4846853	297.1076855
352.6136004	340.2942396	296.9433194
352.4154465	340.1037939	296.7789533
352.2172926	339.9133481	296.6145872
352.0191388	339.7229024	296.4502211
351.8209849	339.5324567	296.2858549
351.622831	339.3420109	296.1214888
351.4246771	339.1515652	295.9571227
351.2265233	338.9611195	295.7927566
351.0283694	338.7706737	295.6283905
350.8302155	338.580228	295.4640243
350.6320616	338.3897823	295.2996582
350.4339077	338.1993365	295.1352921
350.2357539	338.0088908	294.970926
350.0376	337.8184451	294.8065599
349.8394461	337.6279993	294.6421937
349.6412922	337.4375536	294.4778276
349.4431383	337.2471079	294.3134615
349.2449845	337.0566621	294.1490954
349.0468306	336.8662164	293.9847293
348.8486767	336.6757707	293.8203632
348.6505228	336.485325	293.655997
348.4523689	336.2948792	293.4916309
348.2542151	336.1044335	293.3272648
348.0560612	335.9139878	293.1628987
347.8579073	335.723542	292.9985326
347.6597534	335.5330963	292.8341664
347.4615995	335.3426506	292.6698003
347.2634457	335.1522048	292.5054342
347.0652918	334.9617591	292.3410681
346.8671379	334.7713134	292.176702
346.668984	334.5808676	292.0123359
346.4708301	334.3904219	291.8479697
346.2726763	334.1999762	291.6836036
346.0745224	334.0095304	291.5192375
345.8763685	333.8190847	291.3548714
345.6782146	333.628639	291.1905053
345.4800607	333.4381932	291.0261391
345.2819069	333.2477475	290.861773
345.083753	333.0573018	290.6974069
344.8855991	332.8668561	290.5330408
344.6874452	332.6764103	290.3686747
344.4892913	332.4859646	290.2043086
344.2911375	332.2955189	290.0399424
344.0929836	332.1050731	289.8755763
343.8948297	331.9146274	289.7112102
343.6966758	331.7241817	289.5468441
343.4985219	331.5337359	289.382478
343.3003681	331.3432902	289.2181118
343.1022142	331.1528445	289.0537457
342.9040603	330.9623987	288.8893796
342.7059064	330.771953	288.7250135
342.5077526	330.5815073	288.5606474
342.3095987	330.3910615	288.3962813
342.1114448	330.2006158	288.2319151
341.9132909	330.0101701	288.067549
341.715137	329.8197244	287.9031829
341.5169832	329.6292786	287.7388168
341.3188293	329.4388329	287.5744507
341.1206754	329.2483872	287.4100845
340.9225215	329.0579414	287.2457184
340.7243676	328.8674957	287.0813523
340.5262138	328.67705	286.9169862
340.3280599	328.4866042	286.7526201
340.129906	328.2961585	286.588254
339.9317521	328.1057128	286.4238878
339.7335982	327.915267	286.2595217
339.5354444	327.7248213	286.0951556
339.3372905	327.5343756	285.9307895
339.1391366	327.3439298	285.7664234
338.9409827	327.1534841	285.6020572
338.7428288	326.9630384	285.4376911
338.544675	326.7725926	285.273325
338.3465211	326.5821469	285.1089589
338.1483672	326.3917012	284.9445928
337.9502133	326.2012555	284.7802267
337.7520594	326.0108097	284.6158605
337.5539056	325.820364	284.4514944
337.3557517	325.6299183	284.2871283
337.1575978	325.4394725	284.1227622
336.9594439	325.2490268	283.9583961
336.76129	325.0585811	283.7940299
336.5631362	324.8681353	283.6296638
336.3649823	324.6776896	283.4652977
336.1668284	324.4872439	283.3009316
335.9686745	324.2967981	283.1365655
335.7705206	324.1063524	282.9721994
335.5723668	323.9159067	282.8078332
335.3742129	323.7254609	282.6434671
335.176059	323.5350152	282.479101
334.9779051	323.3445695	282.3147349
334.7797512	323.1541237	282.1503688
334.5815974	322.963678	281.9860026
334.3834435	322.7732323	281.8216365
334.1852896	322.5827866	281.6572704
333.9871357	322.3923408	281.4929043
333.7889819	322.2018951	281.3285382
333.590828	322.0114494	281.164172
333.3926741	321.8210036	280.9998059
333.1945202	321.6305579	280.8354398
332.9963663	321.4401122	280.6710737
332.7982125	321.2496664	280.5067076
332.6000586	321.0592207	280.3423415
332.4019047	320.868775	280.1779753
332.2037508	320.6783292	280.0136092
332.0055969	320.4878835	279.8492431
331.8074431	320.2974378	279.684877
331.6092892	320.106992	279.5205109
331.4111353	319.9165463	279.3561447
331.2129814	319.7261006	279.1917786
331.0148275	319.5356549	279.0274125
330.8166737	319.3452091	278.8630464
330.6185198	319.1547634	278.6986803
330.4203659	318.9643177	278.5343142
330.222212	318.7738719	278.369948
330.0240581	318.5834262	278.2055819
329.8259043	318.3929805	278.0412158
329.6277504	318.2025347	277.8768497
329.4295965	318.012089	277.7124836
329.2314426	317.8216433	277.5481174
329.0332887	317.6311975	277.3837513
328.8351349	317.4407518	277.2193852
328.636981	317.2503061	277.0550191
328.4388271	317.0598603	276.890653
328.2406732	316.8694146	276.7262869
328.0425193	316.6789689	276.5619207
327.8443655	316.4885231	276.3975546
327.6462116	316.2980774	276.2331885
327.4480577	316.1076317	276.0688224
327.2499038	315.917186	275.9044563
327.0517499	315.7267402	275.7400901
326.8535961	315.5362945	275.575724
326.6554422	315.3458488	275.4113579
326.4572883	315.155403	275.2469918
326.2591344	314.9649573	275.0826257
326.0609805	314.7745116	274.9182596
325.8628267	314.5840658	274.7538934
325.6646728	314.3936201	274.5895273
325.4665189	314.2031744	274.4251612
325.268365	314.0127286	274.2607951
325.0702112	313.8222829	274.096429
324.8720573	313.6318372	273.9320628
324.6739034	313.4413914	273.7676967
324.4757495	313.2509457	273.6033306
324.2775956	313.0605	273.4389645
324.0794418	312.8700542	273.2745984
323.8812879	312.6796085	273.1102323
323.683134	312.4891628	272.9458661
323.4849801	312.2987171	272.7815
323.2868262	312.1082713	272.6171339
323.0886724	311.9178256	272.4527678
322.8905185	311.7273799	272.2884017
322.6923646	311.5369341	272.1240355
322.4942107	311.3464884	271.9596694
322.2960568	311.1560427	271.7953033
322.097903	310.9655969	271.6309372
321.8997491	310.7751512	271.4665711
321.7015952	310.5847055	271.302205
321.5034413	310.3942597	271.1378388
321.3052874	310.203814	270.9734727
321.1071336	310.0133683	270.8091066
320.9089797	309.8229225	270.6447405
320.7108258	309.6324768	270.4803744
320.5126719	309.4420311	270.3160082
320.314518	309.2515853	270.1516421
320.1163642	309.0611396	269.987276
319.9182103	308.8706939	269.8229099
319.7200564	308.6802482	269.6585438
319.5219025	308.4898024	269.4941777
319.3237486	308.2993567	269.3298115
319.1255948	308.108911	269.1654454
318.9274409	307.9184652	269.0010793
318.729287	307.7280195	268.8367132
318.5311331	307.5375738	268.6723471
318.3329792	307.347128	268.5079809
318.1348254	307.1566823	268.3436148
317.9366715	306.9662366	268.1792487
317.7385176	306.7757908	268.0148826
317.5403637	306.5853451	267.8505165
317.3422098	306.3948994	267.6861503
317.144056	306.2044536	267.5217842
316.9459021	306.0140079	267.3574181
316.7477482	305.8235622	267.193052
316.5495943	305.6331165	267.0286859
316.3514405	305.4426707	266.8643198
316.1532866	305.252225	266.6999536
315.9551327	305.0617793	266.5355875
315.7569788	304.8713335	266.3712214
315.5588249	304.6808878	266.2068553
315.3606711	304.4904421	266.0424892
315.1625172	304.2999963	265.878123
314.9643633	304.1095506	265.7137569
314.7662094	303.9191049	265.5493908
314.5680555	303.7286591	265.3850247
314.3699017	303.5382134	265.2206586
314.1717478	303.3477677	265.0562925
313.9735939	303.1573219	264.8919263
313.77544	302.9668762	264.7275602
313.5772861	302.7764305	264.5631941
313.3791323	302.5859847	264.398828
313.1809784	302.395539	264.2344619
312.9828245	302.2050933	264.0700957
312.7846706	302.0146476	263.9057296
312.5865167	301.8242018	263.7413635
312.3883629	301.6337561	263.5769974
312.190209	301.4433104	263.4126313
311.9920551	301.2528646	263.2482652
311.7939012	301.0624189	263.083899
311.5957473	300.8719732	262.9195329
311.3975935	300.6815274	262.7551668
311.1994396	300.4910817	262.5908007
311.0012857	300.300636	262.4264346
310.8031318	300.1101902	262.2620684
310.6049779	299.9197445	262.0977023
310.4068241	299.7292988	261.9333362
310.2086702	299.538853	261.7689701
310.0105163	299.3484073	261.604604
309.8123624	299.1579616	261.4402379
309.6142085	298.9675158	261.2758717
309.4160547	298.7770701	261.1115056
309.2179008	298.5866244	260.9471395
309.0197469	298.3961787	260.7827734
308.821593	298.2057329	260.6184073
308.6234391	298.0152872	260.4540411
308.4252853	297.8248415	260.289675
308.2271314	297.6343957	260.1253089
308.0289775	297.44395	259.9609428
307.8308236	297.2535043	259.7965767
307.6326698	297.0630585	259.6322106
307.4345159	296.8726128	259.4678444
307.236362	296.6821671	259.3034783
307.0382081	296.4917213	259.1391122
306.8400542	296.3012756	258.9747461
306.6419004	296.1108299	258.81038
306.4437465	295.9203841	258.6460138
306.2455926	295.7299384	258.4816477
306.0474387	295.5394927	258.3172816
305.8492848	295.3490469	258.1529155
305.651131	295.1586012	257.9885494
305.4529771	294.9681555	257.8241833
305.2548232	294.7777098	257.6598171
305.0566693	294.587264	257.495451
304.8585154	294.3968183	257.3310849
304.6603616	294.2063726	257.1667188
304.4622077	294.0159268	257.0023527
304.2640538	293.8254811	256.8379865
304.0658999	293.6350354	256.6736204
303.867746	293.4445896	256.5092543
303.6695922	293.2541439	256.3448882
303.4714383	293.0636982	256.1805221
303.2732844	292.8732524	256.016156
303.0751305	292.6828067	255.8517898
302.8769766	292.492361	255.6874237
302.6788228	292.3019152	255.5230576
302.4806689	292.1114695	255.3586915
302.282515	291.9210238	255.1943254
302.0843611	291.7305781	255.0299592
301.8862072	291.5401323	254.8655931
301.6880534	291.3496866	254.701227
301.4898995	291.1592409	254.5368609
301.2917456	290.9687951	254.3724948
301.0935917	290.7783494	254.2081286
300.8954378	290.5879037	254.0437625
300.697284	290.3974579	253.8793964
300.4991301	290.2070122	253.7150303
300.3009762	290.0165665	253.5506642
300.1028223	289.8261207	253.3862981
299.9046685	289.635675	253.2219319
299.7065146	289.4452293	253.0575658
299.5083607	289.2547835	252.8931997
299.3102068	289.0643378	252.7288336
299.1120529	288.8738921	252.5644675
298.9138991	288.6834463	252.4001013
298.7157452	288.4930006	252.2357352
298.5175913	288.3025549	252.0713691
298.3194374	288.1121092	251.907003
298.1212835	287.9216634	251.7426369
297.9231297	287.7312177	251.5782708
297.7249758	287.540772	251.4139046
297.5268219	287.3503262	251.2495385
297.328668	287.1598805	251.0851724
297.1305141	286.9694348	250.9208063
296.9323603	286.778989	250.7564402
296.7342064	286.5885433	250.592074
296.5360525	286.3980976	250.4277079
296.3378986	286.2076518	250.2633418
296.1397447	286.0172061	250.0989757
295.9415909	285.8267604	249.9346096
295.743437	285.6363146	249.7702435
295.5452831	285.4458689	249.6058773
295.3471292	285.2554232	249.4415112
295.1489753	285.0649774	249.2771451
294.9508215	284.8745317	249.112779
294.7526676	284.684086	248.9484129
294.5545137	284.4936403	248.7840467
294.3563598	284.3031945	248.6196806
294.1582059	284.1127488	248.4553145
293.9600521	283.9223031	248.2909484
293.7618982	283.7318573	248.1265823
293.5637443	283.5414116	247.9622162
293.3655904	283.3509659	247.79785
293.1674365	283.1605201	247.6334839
292.9692827	282.9700744	247.4691178
292.7711288	282.7796287	247.3047517
292.5729749	282.5891829	247.1403856
292.374821	282.3987372	246.9760194
292.1766671	282.2082915	246.8116533
291.9785133	282.0178457	246.6472872
291.7803594	281.8274	246.4829211
291.5822055	281.6369543	246.318555
291.3840516	281.4465086	246.1541889
291.1858978	281.2560628	245.9898227
290.9877439	281.0656171	245.8254566
290.78959	280.8751714	245.6610905
290.5914361	280.6847256	245.4967244
290.3932822	280.4942799	245.3323583
290.1951284	280.3038342	245.1679921
289.9969745	280.1133884	245.003626
289.7988206	279.9229427	244.8392599
289.6006667	279.732497	244.6748938
289.4025128	279.5420512	244.5105277
289.204359	279.3516055	244.3461616
289.0062051	279.1611598	244.1817954
288.8080512	278.970714	244.0174293
288.6098973	278.7802683	243.8530632
288.4117434	278.5898226	243.6886971
288.2135896	278.3993768	243.524331
288.0154357	278.2089311	243.3599648
287.8172818	278.0184854	243.1955987
287.6191279	277.8280397	243.0312326
287.420974	277.6375939	242.8668665
287.2228202	277.4471482	242.7025004
287.0246663	277.2567025	242.5381343
286.8265124	277.0662567	242.3737681
286.6283585	276.875811	242.209402
286.4302046	276.6853653	242.0450359
286.2320508	276.4949195	241.8806698
286.0338969	276.3044738	241.7163037
285.835743	276.1140281	241.5519375
285.6375891	275.9235823	241.3875714
285.4394352	275.7331366	241.2232053
285.2412814	275.5426909	241.0588392
285.0431275	275.3522451	240.8944731
284.8449736	275.1617994	240.7301069
284.6468197	274.9713537	240.5657408
284.4486658	274.7809079	240.4013747
284.250512	274.5904622	240.2370086
284.0523581	274.4000165	240.0726425
283.8542042	274.2095708	239.9082764
283.6560503	274.019125	239.7439102
283.4578964	273.8286793	239.5795441
283.2597426	273.6382336	239.415178
283.0615887	273.4477878	239.2508119
282.8634348	273.2573421	239.0864458
282.6652809	273.0668964	238.9220796
282.4671271	272.8764506	238.7577135
282.2689732	272.6860049	238.5933474
282.0708193	272.4955592	238.4289813
281.8726654	272.3051134	238.2646152
281.6745115	272.1146677	238.1002491
281.4763577	271.924222	237.9358829
281.2782038	271.7337762	237.7715168
281.0800499	271.5433305	237.6071507
280.881896	271.3528848	237.4427846
280.6837421	271.162439	237.2784185
280.4855883	270.9719933	237.1140523
280.2874344	270.7815476	236.9496862
280.0892805	270.5911019	236.7853201
279.8911266	270.4006561	236.620954
279.6929727	270.2102104	236.4565879
279.4948189	270.0197647	236.2922218
279.296665	269.8293189	236.1278556
279.0985111	269.6388732	235.9634895
278.9003572	269.4484275	235.7991234
278.7022033	269.2579817	235.6347573
278.5040495	269.067536	235.4703912
278.3058956	268.8770903	235.306025
278.1077417	268.6866445	235.1416589
277.9095878	268.4961988	234.9772928
277.7114339	268.3057531	234.8129267
277.5132801	268.1153073	234.6485606
277.3151262	267.9248616	234.4841945
277.1169723	267.7344159	234.3198283
276.9188184	267.5439702	234.1554622
276.7206645	267.3535244	233.9910961
276.5225107	267.1630787	233.82673
276.3243568	266.972633	233.6623639
276.1262029	266.7821872	233.4979977
275.928049	266.5917415	233.3336316
275.7298951	266.4012958	233.1692655
275.5317413	266.21085	233.0048994
275.3335874	266.0204043	232.8405333
275.1354335	265.8299586	232.6761672
274.9372796	265.6395128	232.511801
274.7391257	265.4490671	232.3474349
274.5409719	265.2586214	232.1830688
274.342818	265.0681756	232.0187027
274.1446641	264.8777299	231.8543366
273.9465102	264.6872842	231.6899704
273.7483564	264.4968384	231.5256043
273.5502025	264.3063927	231.3612382
273.3520486	264.115947	231.1968721
273.1538947	263.9255013	231.032506
272.9557408	263.7350555	230.8681399
272.757587	263.5446098	230.7037737
272.5594331	263.3541641	230.5394076
272.3612792	263.1637183	230.3750415
272.1631253	262.9732726	230.2106754
271.9649714	262.7828269	230.0463093
271.7668176	262.5923811	229.8819431
271.5686637	262.4019354	229.717577
271.3705098	262.2114897	229.5532109
271.1723559	262.0210439	229.3888448
270.974202	261.8305982	229.2244787
270.7760482	261.6401525	229.0601126
270.5778943	261.4497067	228.8957464
270.3797404	261.259261	228.7313803
270.1815865	261.0688153	228.5670142
269.9834326	260.8783695	228.4026481
269.7852788	260.6879238	228.238282
269.5871249	260.4974781	228.0739158
269.388971	260.3070324	227.9095497
269.1908171	260.1165866	227.7451836
268.9926632	259.9261409	227.5808175
268.7945094	259.7356952	227.4164514
268.5963555	259.5452494	227.2520852
268.3982016	259.3548037	227.0877191
268.2000477	259.164358	226.923353
268.0018938	258.9739122	226.7589869
267.80374	258.7834665	226.5946208
267.6055861	258.5930208	226.4302547
267.4074322	258.402575	226.2658885
267.2092783	258.2121293	226.1015224
267.0111244	258.0216836	225.9371563
266.8129706	257.8312378	225.7727902
266.6148167	257.6407921	225.6084241
266.4166628	257.4503464	225.4440579
266.2185089	257.2599007	225.2796918
266.020355	257.0694549	225.1153257
265.8222012	256.8790092	224.9509596
265.6240473	256.6885635	224.7865935
265.4258934	256.4981177	224.6222274
265.2277395	256.307672	224.4578612
265.0295857	256.1172263	224.2934951
264.8314318	255.9267805	224.129129
264.6332779	255.7363348	223.9647629
264.435124	255.5458891	223.8003968
264.2369701	255.3554433	223.6360306
264.0388163	255.1649976	223.4716645
263.8406624	254.9745519	223.3072984
263.6425085	254.7841061	223.1429323
263.4443546	254.5936604	222.9785662
263.2462007	254.4032147	222.8142001
263.0480469	254.2127689	222.6498339
262.849893	254.0223232	222.4854678
262.6517391	253.8318775	222.3211017
262.4535852	253.6414318	222.1567356
262.2554313	253.450986	221.9923695
262.0572775	253.2605403	221.8280033
261.8591236	253.0700946	221.6636372
261.6609697	252.8796488	221.4992711
261.4628158	252.6892031	221.334905
261.2646619	252.4987574	221.1705389
261.0665081	252.3083116	221.0061728
260.8683542	252.1178659	220.8418066
260.6702003	251.9274202	220.6774405
260.4720464	251.7369744	220.5130744
260.2738925	251.5465287	220.3487083
260.0757387	251.356083	220.1843422
259.8775848	251.1656372	220.019976
259.6794309	250.9751915	219.8556099
259.481277	250.7847458	219.6912438
259.2831231	250.5943	219.5268777
259.0849693	250.4038543	219.3625116
258.8868154	250.2134086	219.1981455
258.6886615	250.0229629	219.0337793
258.4905076	249.8325171	218.8694132
258.2923537	249.6420714	218.7050471
258.0941999	249.4516257	218.540681
257.896046	249.2611799	218.3763149
257.6978921	249.0707342	218.2119487
257.4997382	248.8802885	218.0475826
257.3015843	248.6898427	217.8832165
257.1034305	248.499397	217.7188504
256.9052766	248.3089513	217.5544843
256.7071227	248.1185055	217.3901182
256.5089688	247.9280598	217.225752
256.310815	247.7376141	217.0613859
256.1126611	247.5471683	216.8970198
255.9145072	247.3567226	216.7326537
255.7163533	247.1662769	216.5682876
255.5181994	246.9758311	216.4039214
255.3200456	246.7853854	216.2395553
255.1218917	246.5949397	216.0751892
254.9237378	246.404494	215.9108231
254.7255839	246.2140482	215.746457
254.52743	246.0236025	215.5820908
254.3292762	245.8331568	215.4177247
254.1311223	245.642711	215.2533586
253.9329684	245.4522653	215.0889925
253.7348145	245.2618196	214.9246264
253.5366606	245.0713738	214.7602603
253.3385068	244.8809281	214.5958941
253.1403529	244.6904824	214.431528
252.942199	244.5000366	214.2671619
252.7440451	244.3095909	214.1027958
252.5458912	244.1191452	213.9384297
252.3477374	243.9286994	213.7740635
252.1495835	243.7382537	213.6096974
251.9514296	243.547808	213.4453313
251.7532757	243.3573623	213.2809652
251.5551218	243.1669165	213.1165991
251.356968	242.9764708	212.952233
251.1588141	242.7860251	212.7878668
250.9606602	242.5955793	212.6235007
250.7625063	242.4051336	212.4591346
250.5643524	242.2146879	212.2947685
250.3661986	242.0242421	212.1304024
250.1680447	241.8337964	211.9660362
249.9698908	241.6433507	211.8016701
249.7717369	241.4529049	211.637304
249.573583	241.2624592	211.4729379
249.3754292	241.0720135	211.3085718
249.1772753	240.8815677	211.1442057
248.9791214	240.691122	210.9798395
248.7809675	240.5006763	210.8154734
248.5828136	240.3102305	210.6511073
248.3846598	240.1197848	210.4867412
248.1865059	239.9293391	210.3223751
247.988352	239.7388934	210.1580089
247.7901981	239.5484476	209.9936428
247.5920443	239.3580019	209.8292767
247.3938904	239.1675562	209.6649106
247.1957365	238.9771104	209.5005445
246.9975826	238.7866647	209.3361784
246.7994287	238.596219	209.1718122
246.6012749	238.4057732	209.0074461
246.403121	238.2153275	208.84308
246.2049671	238.0248818	208.6787139
246.0068132	237.834436	208.5143478
245.8086593	237.6439903	208.3499816
245.6105055	237.4535446	208.1856155
245.4123516	237.2630988	208.0212494
245.2141977	237.0726531	207.8568833
245.0160438	236.8822074	207.6925172
244.8178899	236.6917616	207.5281511
244.6197361	236.5013159	207.3637849
244.4215822	236.3108702	207.1994188
244.2234283	236.1204245	207.0350527
244.0252744	235.9299787	206.8706866
243.8271205	235.739533	206.7063205
243.6289667	235.5490873	206.5419543
243.4308128	235.3586415	206.3775882
243.2326589	235.1681958	206.2132221
243.034505	234.9777501	206.048856
242.8363511	234.7873043	205.8844899
242.6381973	234.5968586	205.7201238
242.4400434	234.4064129	205.5557576
242.2418895	234.2159671	205.3913915
242.0437356	234.0255214	205.2270254
241.8455817	233.8350757	205.0626593
241.6474279	233.6446299	204.8982932
241.449274	233.4541842	204.733927
241.2511201	233.2637385	204.5695609
241.0529662	233.0732927	204.4051948
240.8548123	232.882847	204.2408287
240.6566585	232.6924013	204.0764626
240.4585046	232.5019556	203.9120965
240.2603507	232.3115098	203.7477303
240.0621968	232.1210641	203.5833642
239.8640429	231.9306184	203.4189981
239.6658891	231.7401726	203.254632
239.4677352	231.5497269	203.0902659
239.2695813	231.3592812	202.9258997
239.0714274	231.1688354	202.7615336
238.8732736	230.9783897	202.5971675
238.6751197	230.787944	202.4328014
238.4769658	230.5974982	202.2684353
238.2788119	230.4070525	202.1040691
238.080658	230.2166068	201.939703
237.8825042	230.026161	201.7753369
237.6843503	229.8357153	201.6109708
237.4861964	229.6452696	201.4466047
237.2880425	229.4548239	201.2822386
237.0898886	229.2643781	201.1178724
236.8917348	229.0739324	200.9535063
236.6935809	228.8834867	200.7891402
236.495427	228.6930409	200.6247741
236.2972731	228.5025952	200.460408
236.0991192	228.3121495	200.2960418
235.9009654	228.1217037	200.1316757
235.7028115	227.931258	199.9673096
235.5046576	227.7408123	199.8029435
235.3065037	227.5503665	199.6385774
235.1083498	227.3599208	199.4742113
234.910196	227.1694751	199.3098451
234.7120421	226.9790293	199.145479
234.5138882	226.7885836	198.9811129
234.3157343	226.5981379	198.8167468
234.1175804	226.4076921	198.6523807
233.9194266	226.2172464	198.4880145
233.7212727	226.0268007	198.3236484
233.5231188	225.836355	198.1592823
233.3249649	225.6459092	197.9949162
233.126811	225.4554635	197.8305501
232.9286572	225.2650178	197.666184
232.7305033	225.074572	197.5018178
232.5323494	224.8841263	197.3374517
232.3341955	224.6936806	197.1730856
232.1360416	224.5032348	197.0087195
231.9378878	224.3127891	196.8443534
231.7397339	224.1223434	196.6799872
231.54158	223.9318976	196.5156211
231.3434261	223.7414519	196.351255
231.1452722	223.5510062	196.1868889
230.9471184	223.3605604	196.0225228
230.7489645	223.1701147	195.8581567
230.5508106	222.979669	195.6937905
230.3526567	222.7892232	195.5294244
230.1545029	222.5987775	195.3650583
229.956349	222.4083318	195.2006922
229.7581951	222.2178861	195.0363261
229.5600412	222.0274403	194.8719599
229.3618873	221.8369946	194.7075938
229.1637335	221.6465489	194.5432277
228.9655796	221.4561031	194.3788616
228.7674257	221.2656574	194.2144955
228.5692718	221.0752117	194.0501294
228.3711179	220.8847659	193.8857632
228.1729641	220.6943202	193.7213971
227.9748102	220.5038745	193.557031
227.7766563	220.3134287	193.3926649
227.5785024	220.122983	193.2282988
227.3803485	219.9325373	193.0639326
227.1821947	219.7420915	192.8995665
226.9840408	219.5516458	192.7352004
226.7858869	219.3612001	192.5708343
226.587733	219.1707544	192.4064682
226.3895791	218.9803086	192.2421021
226.1914253	218.7898629	192.0777359
225.9932714	218.5994172	191.9133698
225.7951175	218.4089714	191.7490037
225.5969636	218.2185257	191.5846376
225.3988097	218.02808	191.4202715
225.2006559	217.8376342	191.2559053
225.002502	217.6471885	191.0915392
224.8043481	217.4567428	190.9271731
224.6061942	217.266297	190.762807
224.4080403	217.0758513	190.5984409
224.2098865	216.8854056	190.4340748
224.0117326	216.6949598	190.2697086
223.8135787	216.5045141	190.1053425
223.6154248	216.3140684	189.9409764
223.4172709	216.1236226	189.7766103
223.2191171	215.9331769	189.6122442
223.0209632	215.7427312	189.447878
222.8228093	215.5522855	189.2835119
222.6246554	215.3618397	189.1191458
222.4265015	215.171394	188.9547797
222.2283477	214.9809483	188.7904136
222.0301938	214.7905025	188.6260474
221.8320399	214.6000568	188.4616813
221.633886	214.4096111	188.2973152
221.4357322	214.2191653	188.1329491
221.2375783	214.0287196	187.968583
221.0394244	213.8382739	187.8042169
220.8412705	213.6478281	187.6398507
220.6431166	213.4573824	187.4754846
220.4449628	213.2669367	187.3111185
220.2468089	213.0764909	187.1467524
220.048655	212.8860452	186.9823863
219.8505011	212.6955995	186.8180201
219.6523472	212.5051537	186.653654
219.4541934	212.314708	186.4892879
219.2560395	212.1242623	186.3249218
219.0578856	211.9338166	186.1605557
218.8597317	211.7433708	185.9961896
218.6615778	211.5529251	185.8318234
218.463424	211.3624794	185.6674573
218.2652701	211.1720336	185.5030912
218.0671162	210.9815879	185.3387251
217.8689623	210.7911422	185.174359
217.6708084	210.6006964	185.0099928
217.4726546	210.4102507	184.8456267
217.2745007	210.219805	184.6812606
217.0763468	210.0293592	184.5168945
216.8781929	209.8389135	184.3525284
216.680039	209.6484678	184.1881623
216.4818852	209.458022	184.0237961
216.2837313	209.2675763	183.85943
216.0855774	209.0771306	183.6950639
215.8874235	208.8866848	183.5306978
215.6892696	208.6962391	183.3663317
215.4911158	208.5057934	183.2019655
215.2929619	208.3153477	183.0375994
215.094808	208.1249019	182.8732333
214.8966541	207.9344562	182.7088672
214.6985002	207.7440105	182.5445011
214.5003464	207.5535647	182.380135
214.3021925	207.363119	182.2157688
214.1040386	207.1726733	182.0514027
213.9058847	206.9822275	181.8870366
213.7077309	206.7917818	181.7226705
213.509577	206.6013361	181.5583044
213.3114231	206.4108903	181.3939382
213.1132692	206.2204446	181.2295721
212.9151153	206.0299989	181.065206
212.7169615	205.8395531	180.9008399
212.5188076	205.6491074	180.7364738
212.3206537	205.4586617	180.5721077
212.1224998	205.268216	180.4077415
211.9243459	205.0777702	180.2433754
211.7261921	204.8873245	180.0790093
211.5280382	204.6968788	179.9146432
211.3298843	204.506433	179.7502771
211.1317304	204.3159873	179.5859109
210.9335765	204.1255416	179.4215448
210.7354227	203.9350958	179.2571787
210.5372688	203.7446501	179.0928126
210.3391149	203.5542044	178.9284465
210.140961	203.3637586	178.7640804
209.9428071	203.1733129	178.5997142
209.7446533	202.9828672	178.4353481
209.5464994	202.7924214	178.270982
209.3483455	202.6019757	178.1066159
209.1501916	202.41153	177.9422498
208.9520377	202.2210842	177.7778836
208.7538839	202.0306385	177.6135175
208.55573	201.8401928	177.4491514
208.3575761	201.6497471	177.2847853
208.1594222	201.4593013	177.1204192
207.9612683	201.2688556	176.9560531
207.7631145	201.0784099	176.7916869
207.5649606	200.8879641	176.6273208
207.3668067	200.6975184	176.4629547
207.1686528	200.5070727	176.2985886
206.9704989	200.3166269	176.1342225
206.7723451	200.1261812	175.9698563
206.5741912	199.9357355	175.8054902
206.3760373	199.7452897	175.6411241
206.1778834	199.554844	175.476758
205.9797295	199.3643983	175.3123919
205.7815757	199.1739525	175.1480257
205.5834218	198.9835068	174.9836596
205.3852679	198.7930611	174.8192935
205.187114	198.6026153	174.6549274
204.9889602	198.4121696	174.4905613
204.7908063	198.2217239	174.3261952
204.5926524	198.0312782	174.161829
204.3944985	197.8408324	173.9974629
204.1963446	197.6503867	173.8330968
203.9981908	197.459941	173.6687307
203.8000369	197.2694952	173.5043646
203.601883	197.0790495	173.3399984
203.4037291	196.8886038	173.1756323
203.2055752	196.698158	173.0112662
203.0074214	196.5077123	172.8469001
202.8092675	196.3172666	172.682534
202.6111136	196.1268208	172.5181679
202.4129597	195.9363751	172.3538017
202.2148058	195.7459294	172.1894356
202.016652	195.5554836	172.0250695
201.8184981	195.3650379	171.8607034
201.6203442	195.1745922	171.6963373
201.4221903	194.9841464	171.5319711
201.2240364	194.7937007	171.367605
201.0258826	194.603255	171.2032389
200.8277287	194.4128093	171.0388728
200.6295748	194.2223635	170.8745067
200.4314209	194.0319178	170.7101406
200.233267	193.8414721	170.5457744
200.0351132	193.6510263	170.3814083
199.8369593	193.4605806	170.2170422
199.6388054	193.2701349	170.0526761
199.4406515	193.0796891	169.88831
199.2424976	192.8892434	169.7239438
199.0443438	192.6987977	169.5595777
198.8461899	192.5083519	169.3952116
198.648036	192.3179062	169.2308455
198.4498821	192.1274605	169.0664794
198.2517282	191.9370147	168.9021133
198.0535744	191.746569	168.7377471
197.8554205	191.5561233	168.573381
197.6572666	191.3656776	168.4090149
197.4591127	191.1752318	168.2446488
197.2609588	190.9847861	168.0802827
197.062805	190.7943404	167.9159165
196.8646511	190.6038946	167.7515504
196.6664972	190.4134489	167.5871843
196.4683433	190.2230032	167.4228182
196.2701895	190.0325574	167.2584521
196.0720356	189.8421117	167.094086
195.8738817	189.651666	166.9297198
195.6757278	189.4612202	166.7653537
195.4775739	189.2707745	166.6009876
195.2794201	189.0803288	166.4366215
195.0812662	188.889883	166.2722554
194.8831123	188.6994373	166.1078892
194.6849584	188.5089916	165.9435231
194.4868045	188.3185458	165.779157
194.2886507	188.1281001	165.6147909
194.0904968	187.9376544	165.4504248
193.8923429	187.7472087	165.2860587
193.694189	187.5567629	165.1216925
193.4960351	187.3663172	164.9573264
193.2978813	187.1758715	164.7929603
193.0997274	186.9854257	164.6285942
192.9015735	186.79498	164.4642281
192.7034196	186.6045343	164.2998619
192.5052657	186.4140885	164.1354958
192.3071119	186.2236428	163.9711297
192.108958	186.0331971	163.8067636
191.9108041	185.8427513	163.6423975
191.7126502	185.6523056	163.4780314
191.5144963	185.4618599	163.3136652
191.3163425	185.2714141	163.1492991
191.1181886	185.0809684	162.984933
190.9200347	184.8905227	162.8205669
190.7218808	184.7000769	162.6562008
190.5237269	184.5096312	162.4918346
190.3255731	184.3191855	162.3274685
190.1274192	184.1287398	162.1631024
189.9292653	183.938294	161.9987363
189.7311114	183.7478483	161.8343702
189.5329575	183.5574026	161.670004
189.3348037	183.3669568	161.5056379
189.1366498	183.1765111	161.3412718
188.9384959	182.9860654	161.1769057
188.740342	182.7956196	161.0125396
188.5421881	182.6051739	160.8481735
188.3440343	182.4147282	160.6838073
188.1458804	182.2242824	160.5194412
187.9477265	182.0338367	160.3550751
187.7495726	181.843391	160.190709
187.5514188	181.6529452	160.0263429
187.3532649	181.4624995	159.8619767
187.155111	181.2720538	159.6976106
186.9569571	181.0816081	159.5332445
186.7588032	180.8911623	159.3688784
186.5606494	180.7007166	159.2045123
186.3624955	180.5102709	159.0401462
186.1643416	180.3198251	158.87578
185.9661877	180.1293794	158.7114139
185.7680338	179.9389337	158.5470478
185.56988	179.7484879	158.3826817
185.3717261	179.5580422	158.2183156
185.1735722	179.3675965	158.0539494
184.9754183	179.1771507	157.8895833
184.7772644	178.986705	157.7252172
184.5791106	178.7962593	157.5608511
184.3809567	178.6058135	157.396485
184.1828028	178.4153678	157.2321189
183.9846489	178.2249221	157.0677527
183.786495	178.0344763	156.9033866
183.5883412	177.8440306	156.7390205
183.3901873	177.6535849	156.5746544
183.1920334	177.4631392	156.4102883
182.9938795	177.2726934	156.2459221
182.7957256	177.0822477	156.081556
182.5975718	176.891802	155.9171899
182.3994179	176.7013562	155.7528238
182.201264	176.5109105	155.5884577
182.0031101	176.3204648	155.4240916
181.8049562	176.130019	155.2597254
181.6068024	175.9395733	155.0953593
181.4086485	175.7491276	154.9309932
181.2104946	175.5586818	154.7666271
181.0123407	175.3682361	154.602261
180.8141868	175.1777904	154.4378948
180.616033	174.9873446	154.2735287
180.4178791	174.7968989	154.1091626
180.2197252	174.6064532	153.9447965
180.0215713	174.4160074	153.7804304
179.8234174	174.2255617	153.6160643
179.6252636	174.035116	153.4516981
179.4271097	173.8446703	153.287332
179.2289558	173.6542245	153.1229659
179.0308019	173.4637788	152.9585998
178.8326481	173.2733331	152.7942337
178.6344942	173.0828873	152.6298675
178.4363403	172.8924416	152.4655014
178.2381864	172.7019959	152.3011353
178.0400325	172.5115501	152.1367692
177.8418787	172.3211044	151.9724031
177.6437248	172.1306587	151.808037
177.4455709	171.9402129	151.6436708
177.247417	171.7497672	151.4793047
177.0492631	171.5593215	151.3149386
176.8511093	171.3688757	151.1505725
176.6529554	171.17843	150.9862064
176.4548015	170.9879843	150.8218402
176.2566476	170.7975385	150.6574741
176.0584937	170.6070928	150.493108
175.8603399	170.4166471	150.3287419
175.662186	170.2262014	150.1643758
175.4640321	170.0357556	150.0000097
175.2658782	169.8453099	149.8356435
175.0677243	169.6548642	149.6712774
174.8695705	169.4644184	149.5069113
174.6714166	169.2739727	149.3425452
174.4732627	169.083527	149.1781791
174.2751088	168.8930812	149.0138129
174.0769549	168.7026355	148.8494468
173.8788011	168.5121898	148.6850807
173.6806472	168.321744	148.5207146
173.4824933	168.1312983	148.3563485
173.2843394	167.9408526	148.1919823
173.0861855	167.7504068	148.0276162
172.8880317	167.5599611	147.8632501
172.6898778	167.3695154	147.698884
172.4917239	167.1790697	147.5345179
172.29357	166.9886239	147.3701518
172.0954161	166.7981782	147.2057856
171.8972623	166.6077325	147.0414195
171.6991084	166.4172867	146.8770534
171.5009545	166.226841	146.7126873
171.3028006	166.0363953	146.5483212
171.1046467	165.8459495	146.383955
170.9064929	165.6555038	146.2195889
170.708339	165.4650581	146.0552228
170.5101851	165.2746123	145.8908567
170.3120312	165.0841666	145.7264906
170.1138774	164.8937209	145.5621245
169.9157235	164.7032751	145.3977583
169.7175696	164.5128294	145.2333922
169.5194157	164.3223837	145.0690261
169.3212618	164.1319379	144.90466
169.123108	163.9414922	144.7402939
168.9249541	163.7510465	144.5759277
168.7268002	163.5606008	144.4115616
168.5286463	163.370155	144.2471955
168.3304924	163.1797093	144.0828294
168.1323386	162.9892636	143.9184633
167.9341847	162.7988178	143.7540972
167.7360308	162.6083721	143.589731
167.5378769	162.4179264	143.4253649
167.339723	162.2274806	143.2609988
167.1415692	162.0370349	143.0966327
166.9434153	161.8465892	142.9322666
166.7452614	161.6561434	142.7679004
166.5471075	161.4656977	142.6035343
166.3489536	161.275252	142.4391682
166.1507998	161.0848062	142.2748021
165.9526459	160.8943605	142.110436
165.754492	160.7039148	141.9460699
165.5563381	160.513469	141.7817037
165.3581842	160.3230233	141.6173376
165.1600304	160.1325776	141.4529715
164.9618765	159.9421319	141.2886054
164.7637226	159.7516861	141.1242393
164.5655687	159.5612404	140.9598731
164.3674148	159.3707947	140.795507
164.169261	159.1803489	140.6311409
163.9711071	158.9899032	140.4667748
163.7729532	158.7994575	140.3024087
163.5747993	158.6090117	140.1380426
163.3766454	158.418566	139.9736764
163.1784916	158.2281203	139.8093103
162.9803377	158.0376745	139.6449442
162.7821838	157.8472288	139.4805781
162.5840299	157.6567831	139.316212
162.385876	157.4663373	139.1518458
162.1877222	157.2758916	138.9874797
161.9895683	157.0854459	138.8231136
161.7914144	156.8950002	138.6587475
161.5932605	156.7045544	138.4943814
161.3951067	156.5141087	138.3300153
161.1969528	156.323663	138.1656491
160.9987989	156.1332172	138.001283
160.800645	155.9427715	137.8369169
160.6024911	155.7523258	137.6725508
160.4043373	155.56188	137.5081847
160.2061834	155.3714343	137.3438185
160.0080295	155.1809886	137.1794524
159.8098756	154.9905428	137.0150863
159.6117217	154.8000971	136.8507202
159.4135679	154.6096514	136.6863541
159.215414	154.4192056	136.521988
159.0172601	154.2287599	136.3576218
158.8191062	154.0383142	136.1932557
158.6209523	153.8478684	136.0288896
158.4227985	153.6574227	135.8645235
158.2246446	153.466977	135.7001574
158.0264907	153.2765313	135.5357912
157.8283368	153.0860855	135.3714251
157.6301829	152.8956398	135.207059
157.4320291	152.7051941	135.0426929
157.2338752	152.5147483	134.8783268
157.0357213	152.3243026	134.7139606
156.8375674	152.1338569	134.5495945
156.6394135	151.9434111	134.3852284
156.4412597	151.7529654	134.2208623
156.2431058	151.5625197	134.0564962
156.0449519	151.3720739	133.8921301
155.846798	151.1816282	133.7277639
155.6486441	150.9911825	133.5633978
155.4504903	150.8007367	133.3990317
155.2523364	150.610291	133.2346656
155.0541825	150.4198453	133.0702995
154.8560286	150.2293995	132.9059333
154.6578747	150.0389538	132.7415672
154.4597209	149.8485081	132.5772011
154.261567	149.6580624	132.412835
154.0634131	149.4676166	132.2484689
153.8652592	149.2771709	132.0841028
153.6671053	149.0867252	131.9197366
153.4689515	148.8962794	131.7553705
153.2707976	148.7058337	131.5910044
153.0726437	148.515388	131.4266383
152.8744898	148.3249422	131.2622722
152.676336	148.1344965	131.097906
152.4781821	147.9440508	130.9335399
152.2800282	147.753605	130.7691738
152.0818743	147.5631593	130.6048077
151.8837204	147.3727136	130.4404416
151.6855666	147.1822678	130.2760755
151.4874127	146.9918221	130.1117093
151.2892588	146.8013764	129.9473432
151.0911049	146.6109306	129.7829771
150.892951	146.4204849	129.618611
150.6947972	146.2300392	129.4542449
150.4966433	146.0395935	129.2898787
150.2984894	145.8491477	129.1255126
150.1003355	145.658702	128.9611465
149.9021816	145.4682563	128.7967804
149.7040278	145.2778105	128.6324143
149.5058739	145.0873648	128.4680482
149.30772	144.8969191	128.303682
149.1095661	144.7064733	128.1393159
148.9114122	144.5160276	127.9749498
148.7132584	144.3255819	127.8105837
148.5151045	144.1351361	127.6462176
148.3169506	143.9446904	127.4818514
148.1187967	143.7542447	127.3174853
147.9206428	143.5637989	127.1531192
147.722489	143.3733532	126.9887531
147.5243351	143.1829075	126.824387
147.3261812	142.9924618	126.6600209
147.1280273	142.802016	126.4956547
146.9298734	142.6115703	126.3312886
146.7317196	142.4211246	126.1669225
146.5335657	142.2306788	126.0025564
146.3354118	142.0402331	125.8381903
146.1372579	141.8497874	125.6738241
145.939104	141.6593416	125.509458
145.7409502	141.4688959	125.3450919
145.5427963	141.2784502	125.1807258
145.3446424	141.0880044	125.0163597
145.1464885	140.8975587	124.8519936
144.9483346	140.707113	124.6876274
144.7501808	140.5166672	124.5232613
144.5520269	140.3262215	124.3588952
144.353873	140.1357758	124.1945291
144.1557191	139.94533	124.030163
143.9575653	139.7548843	123.8657968
143.7594114	139.5644386	123.7014307
143.5612575	139.3739929	123.5370646
143.3631036	139.1835471	123.3726985
143.1649497	138.9931014	123.2083324
142.9667959	138.8026557	123.0439663
142.768642	138.6122099	122.8796001
142.5704881	138.4217642	122.715234
142.3723342	138.2313185	122.5508679
142.1741803	138.0408727	122.3865018
141.9760265	137.850427	122.2221357
141.7778726	137.6599813	122.0577695
141.5797187	137.4695355	121.8934034
141.3815648	137.2790898	121.7290373
141.1834109	137.0886441	121.5646712
140.9852571	136.8981983	121.4003051
140.7871032	136.7077526	121.2359389
140.5889493	136.5173069	121.0715728
140.3907954	136.3268611	120.9072067
140.1926415	136.1364154	120.7428406
139.9944877	135.9459697	120.5784745
139.7963338	135.755524	120.4141084
139.5981799	135.5650782	120.2497422
139.400026	135.3746325	120.0853761
139.2018721	135.1841868	119.92101
139.0037183	134.993741	119.7566439
138.8055644	134.8032953	119.5922778
138.6074105	134.6128496	119.4279116
138.4092566	134.4224038	119.2635455
138.2111027	134.2319581	119.0991794
138.0129489	134.0415124	118.9348133
137.814795	133.8510666	118.7704472
137.6166411	133.6606209	118.6060811
137.4184872	133.4701752	118.4417149
137.2203333	133.2797294	118.2773488
137.0221795	133.0892837	118.1129827
136.8240256	132.898838	117.9486166
136.6258717	132.7083922	117.7842505
136.4277178	132.5179465	117.6198843
136.2295639	132.3275008	117.4555182
136.0314101	132.1370551	117.2911521
135.8332562	131.9466093	117.126786
135.6351023	131.7561636	116.9624199
135.4369484	131.5657179	116.7980538
135.2387946	131.3752721	116.6336876
135.0406407	131.1848264	116.4693215
134.8424868	130.9943807	116.3049554
134.6443329	130.8039349	116.1405893
134.446179	130.6134892	115.9762232
134.2480252	130.4230435	115.811857
134.0498713	130.2325977	115.6474909
133.8517174	130.042152	115.4831248
133.6535635	129.8517063	115.3187587
133.4554096	129.6612605	115.1543926
133.2572558	129.4708148	114.9900265
133.0591019	129.2803691	114.8256603
132.860948	129.0899234	114.6612942
132.6627941	128.8994776	114.4969281
132.4646402	128.7090319	114.332562
132.2664864	128.5185862	114.1681959
132.0683325	128.3281404	114.0038297
131.8701786	128.1376947	113.8394636
131.6720247	127.947249	113.6750975
131.4738708	127.7568032	113.5107314
131.275717	127.5663575	113.3463653
131.0775631	127.3759118	113.1819992
130.8794092	127.185466	113.017633
130.6812553	126.9950203	112.8532669
130.4831014	126.8045746	112.6889008
130.2849476	126.6141288	112.5245347
130.0867937	126.4236831	112.3601686
129.8886398	126.2332374	112.1958024
129.6904859	126.0427916	112.0314363
129.492332	125.8523459	111.8670702
129.2941782	125.6619002	111.7027041
129.0960243	125.4714545	111.538338
128.8978704	125.2810087	111.3739719
128.6997165	125.090563	111.2096057
128.5015626	124.9001173	111.0452396
128.3034088	124.7096715	110.8808735
128.1052549	124.5192258	110.7165074
127.907101	124.3287801	110.5521413
127.7089471	124.1383343	110.3877751
127.5107933	123.9478886	110.223409
127.3126394	123.7574429	110.0590429
127.1144855	123.5669971	109.8946768
126.9163316	123.3765514	109.7303107
126.7181777	123.1861057	109.5659446
126.5200239	122.9956599	109.4015784
126.32187	122.8052142	109.2372123
126.1237161	122.6147685	109.0728462
125.9255622	122.4243227	108.9084801
125.7274083	122.233877	108.744114
125.5292545	122.0434313	108.5797478
125.3311006	121.8529856	108.4153817
125.1329467	121.6625398	108.2510156
124.9347928	121.4720941	108.0866495
124.7366389	121.2816484	107.9222834
124.5384851	121.0912026	107.7579172
124.3403312	120.9007569	107.5935511
124.1421773	120.7103112	107.429185
123.9440234	120.5198654	107.2648189
123.7458695	120.3294197	107.1004528
123.5477157	120.138974	106.9360867
123.3495618	119.9485282	106.7717205
123.1514079	119.7580825	106.6073544
122.953254	119.5676368	106.4429883
122.7551001	119.377191	106.2786222
122.5569463	119.1867453	106.1142561
122.3587924	118.9962996	105.9498899
122.1606385	118.8058539	105.7855238
121.9624846	118.6154081	105.6211577
121.7643307	118.4249624	105.4567916
121.5661769	118.2345167	105.2924255
121.368023	118.0440709	105.1280594
121.1698691	117.8536252	104.9636932
120.9717152	117.6631795	104.7993271
120.7735613	117.4727337	104.634961
120.5754075	117.282288	104.4705949
120.3772536	117.0918423	104.3062288
120.1790997	116.9013965	104.1418626
119.9809458	116.7109508	103.9774965
119.7827919	116.5205051	103.8131304
119.5846381	116.3300593	103.6487643
119.3864842	116.1396136	103.4843982
119.1883303	115.9491679	103.3200321
118.9901764	115.7587221	103.1556659
118.7920226	115.5682764	102.9912998
118.5938687	115.3778307	102.8269337
118.3957148	115.187385	102.6625676
118.1975609	114.9969392	102.4982015
117.999407	114.8064935	102.3338353
117.8012532	114.6160478	102.1694692
117.6030993	114.425602	102.0051031
117.4049454	114.2351563	101.840737
117.2067915	114.0447106	101.6763709
117.0086376	113.8542648	101.5120048
116.8104838	113.6638191	101.3476386
116.6123299	113.4733734	101.1832725
116.414176	113.2829276	101.0189064
116.2160221	113.0924819	100.8545403
116.0178682	112.9020362	100.6901742
115.8197144	112.7115904	100.525808
115.6215605	112.5211447	100.3614419
115.4234066	112.330699	100.1970758
115.2252527	112.1402532	100.0327097
115.0270988	111.9498075	99.86834357
114.828945	111.7593618	99.70397745
114.6307911	111.5689161	99.53961133
114.4326372	111.3784703	99.37524522
114.2344833	111.1880246	99.2108791
114.0363294	110.9975789	99.04651298
113.8381756	110.8071331	98.88214686
113.6400217	110.6166874	98.71778074
113.4418678	110.4262417	98.55341462
113.2437139	110.2357959	98.38904851
113.04556	110.0453502	98.22468239
112.8474062	109.8549045	98.06031627
112.6492523	109.6644587	97.89595015
112.4510984	109.474013	97.73158403
112.2529445	109.2835673	97.56721791
112.0547906	109.0931215	97.4028518
111.8566368	108.9026758	97.23848568
111.6584829	108.7122301	97.07411956
111.460329	108.5217843	96.90975344
111.2621751	108.3313386	96.74538732
111.0640212	108.1408929	96.5810212
110.8658674	107.9504472	96.41665509
110.6677135	107.7600014	96.25228897
110.4695596	107.5695557	96.08792285
110.2714057	107.37911	95.92355673
110.0732519	107.1886642	95.75919061
109.875098	106.9982185	95.5948245
109.6769441	106.8077728	95.43045838
109.4787902	106.617327	95.26609226
109.2806363	106.4268813	95.10172614
109.0824825	106.2364356	94.93736002
108.8843286	106.0459898	94.7729939
108.6861747	105.8555441	94.60862779
108.4880208	105.6650984	94.44426167
108.2898669	105.4746526	94.27989555
108.0917131	105.2842069	94.11552943
107.8935592	105.0937612	93.95116331
107.6954053	104.9033155	93.78679719
107.4972514	104.7128697	93.62243108
107.2990975	104.522424	93.45806496
107.1009437	104.3319783	93.29369884
106.9027898	104.1415325	93.12933272
106.7046359	103.9510868	92.9649666
106.506482	103.7606411	92.80060048
106.3083281	103.5701953	92.63623437
106.1101743	103.3797496	92.47186825
105.9120204	103.1893039	92.30750213
105.7138665	102.9988581	92.14313601
105.5157126	102.8084124	91.97876989
105.3175587	102.6179667	91.81440377
105.1194049	102.4275209	91.65003766
104.921251	102.2370752	91.48567154
104.7230971	102.0466295	91.32130542
104.5249432	101.8561837	91.1569393
104.3267893	101.665738	90.99257318
104.1286355	101.4752923	90.82820706
103.9304816	101.2848466	90.66384095
103.7323277	101.0944008	90.49947483
103.5341738	100.9039551	90.33510871
103.3360199	100.7135094	90.17074259
103.1378661	100.5230636	90.00637647
102.9397122	100.3326179	89.84201035
102.7415583	100.1421722	89.67764424
102.5434044	99.95172643	89.51327812
102.3452505	99.7612807	89.348912
102.1470967	99.57083497	89.18454588
101.9489428	99.38038924	89.02017976
101.7507889	99.18994351	88.85581364
101.552635	98.99949777	88.69144753
101.3544812	98.80905204	88.52708141
101.1563273	98.61860631	88.36271529
100.9581734	98.42816058	88.19834917
100.7600195	98.23771485	88.03398305
100.5618656	98.04726912	87.86961694
100.3637118	97.85682339	87.70525082
100.1655579	97.66637765	87.5408847
99.96740399	97.47593192	87.37651858
99.76925011	97.28548619	87.21215246
99.57109623	97.09504046	87.04778634
99.37294236	96.90459473	86.88342023
99.17478848	96.714149	86.71905411
98.9766346	96.52370326	86.55468799
98.77848072	96.33325753	86.39032187
98.58032684	96.1428118	86.22595575
98.38217296	95.95236607	86.06158963
98.18401908	95.76192034	85.89722352
97.9858652	95.57147461	85.7328574
97.78771132	95.38102888	85.56849128
97.58955744	95.19058314	85.40412516
97.39140356	95.00013741	85.23975904
97.19324968	94.80969168	85.07539292
96.9950958	94.61924595	84.91102681
96.79694192	94.42880022	84.74666069
96.59878804	94.23835449	84.58229457
96.40063416	94.04790876	84.41792845
96.20248028	93.85746302	84.25356233
96.0043264	93.66701729	84.08919621
95.80617252	93.47657156	83.9248301
95.60801864	93.28612583	83.76046398
95.40986476	93.0956801	83.59609786
95.21171088	92.90523437	83.43173174
95.01355701	92.71478864	83.26736562
94.81540313	92.5243429	83.1029995
94.61724925	92.33389717	82.93863339
94.41909537	92.14345144	82.77426727
94.22094149	91.95300571	82.60990115
94.02278761	91.76255998	82.44553503
93.82463373	91.57211425	82.28116891
93.62647985	91.38166851	82.11680279
93.42832597	91.19122278	81.95243668
93.23017209	91.00077705	81.78807056
93.03201821	90.81033132	81.62370444
93.03201821	106.0484536	92.44090387
93.03201821	117.3616653	102.3024669
93.03201821	126.112954	109.9308388
138.2302005	133.3477204	116.23728
144.6759311	139.565779	121.6574718
150.3594273	145.0485264	126.4367034
155.4626162	149.9714636	130.7279567
160.1072756	154.4520673	134.6336341
164.3792702	158.5731692	138.2259391
168.3416074	162.3955512	141.5578542
172.0420082	165.9652487	144.6695079
175.5175571	169.3180365	147.5920846
178.7976948	172.4823152	150.3503406
181.906217	175.4810402	152.9642858
184.8626554	178.3330532	155.4503443
187.6832556	181.0540259	157.8221769
190.3816881	183.657146	160.091279
192.9695744	186.1536247	162.2674234
195.4568845	188.5530795	164.3589935
197.8522409	190.8638287	166.3732401
200.1631557	193.0931188	168.3164801
202.3962165	195.2473048	170.1942529
204.5572353	197.3319935	172.0114459
206.6513675	199.3521581	173.7723942
208.6832094	201.3122326	175.4809627
210.6568776	203.216188	177.1406132
212.5760745	205.0675963	178.754459
214.4441436	206.8696827	180.3253116
216.2641151	208.6253702	181.8557191
218.0387444	210.3373172	183.3479985
219.7705453	212.0079486	184.8042637
221.4618179	213.6394831	186.2264488
223.1146724	215.2339565	187.6163282
224.7310502	216.7932416	188.9755345
226.3127416	218.3190655	190.3055731
227.8614012	219.8130244	191.6078355
229.3785621	221.276597	192.8836106
230.865647	222.711156	194.1340949
232.3239794	224.1179781	195.3604014
233.7547924	225.4982529	196.563567
235.1592371	226.8530907	197.7445595
236.5383899	228.1835299	198.9042842
237.8932587	229.4905429	200.0435885
239.2247889	230.7750416	201.1632674
240.5338685	232.0378828	202.2640678
241.8213329	233.2798721	203.346692
243.0879688	234.5017687	204.4118015
244.3345181	235.7042882	205.4600204
245.5616814	236.8881063	206.4919376
246.7701209	238.0538621	207.50811
247.9604633	239.20216	208.5090647
249.1333025	240.3335729	209.495301
250.2892015	241.448644	210.4672923
251.4286949	242.5478889	211.4254882
252.5522907	243.6317978	212.3703159
253.660472	244.7008366	213.3021816
254.7536989	245.7554492	214.2214722
255.8324094	246.7960582	215.128556
256.8970215	247.8230668	216.0237845
257.9479341	248.8368596	216.9074931
258.9855279	249.8378042	217.780002
260.010167	250.8262517	218.6416174
261.0221997	251.802538	219.492632
262.0219592	252.7669846	220.3333262
263.0097648	253.7198996	221.1639684
263.9859225	254.6615781	221.9848159
264.9507257	255.5923031	222.7961155
265.9044561	256.5123464	223.5981039
266.8473839	257.4219687	224.3910086
267.7797692	258.3214208	225.175048
268.7018615	259.2109436	225.9504321
269.6139012	260.0907689	226.717363
270.5161195	260.9611196	227.4760352
271.408739	261.8222105	228.2266357
272.2919742	262.6742486	228.969345
273.1660318	263.5174333	229.7043369
274.0311112	264.3519569	230.4317791
274.8874046	265.1780049	231.1518331
275.7350978	265.9957563	231.8646553
276.5743699	266.8053842	232.5703962
277.4053942	267.6070556	233.2692015
278.228338	268.4009319	233.961212
279.0433631	269.1871692	234.6465637
279.850626	269.9659185	235.3253882
280.6502782	270.7373259	235.9978129
281.4424664	271.5015329	236.6639611
282.2273324	272.2586764	237.3239521
283.0050138	273.008889	237.9779016
283.7756439	273.7522994	238.6259217
284.5393518	274.4890321	239.268121
285.2962629	275.2192081	239.9046048
286.0464987	275.9429445	240.5354754
286.7901771	276.6603551	241.1608319
287.5274126	277.3715505	241.7807705
288.2583163	278.0766377	242.3953849
288.9829963	278.7757209	243.0047656
289.7015573	279.4689014	243.609001
290.4141014	280.1562774	244.2081768
291.1207276	280.8379447	244.8023763
291.8215323	281.513996	245.3916804
292.5166093	282.1845219	245.9761682
293.2060497	282.8496104	246.5559162
293.8899424	283.509347	247.130999
294.5683736	284.163815	247.7014894
295.2414275	284.8130958	248.267458
295.9091861	285.4572682	248.8289738
296.5717291	286.0964093	249.3861039
297.2291344	286.7305942	249.9389136
297.8814778	287.3598958	250.4874668
298.528833	287.9843857	251.0318255
299.1712723	288.6041331	251.5720504
299.8088659	289.219206	252.1082006
300.4416823	289.8296704	252.6403336
301.0697884	290.435591	253.1685058
301.6932495	291.0370306	253.6927721
302.3121294	291.6340508	254.2131859
302.9264903	292.2267116	254.7297998
303.5363928	292.8150716	255.2426646
304.1418964	293.399188	255.7518304
304.7430591	293.9791167	256.257346
305.3399374	294.5549125	256.7592588
305.9325868	295.1266287	257.2576155
306.5210613	295.6943175	257.7524616
307.1054138	296.2580299	258.2438416
307.6856962	296.8178158	258.7317989
308.2619589	297.3737241	259.2163762
308.8342514	297.9258025	259.6976149
309.4026222	298.4740977	260.1755559
309.9671186	299.0186553	260.6502389
310.527787	299.5595201	261.1217029
311.0846727	300.0967359	261.5899861
311.6378202	300.6303454	262.0551259
312.1872729	301.1603908	262.5171587
312.7330735	301.6869129	262.9761205
313.2752637	302.2099522	263.4320462
313.8138842	302.7295479	263.8849703
314.3489752	303.2457387	264.3349264
314.8805758	303.7585624	264.7819474
315.4087245	304.2680562	265.2260657
315.9334589	304.7742563	265.6673131
316.454816	305.2771984	266.1057204
316.972832	305.7769173	266.5413182
317.4875424	306.2734474	266.9741363
317.9989819	306.7668222	267.4042039
318.5071847	307.2570746	267.8315499
319.0121844	307.744237	268.2562023
319.5140137	308.228341	268.6781887
320.0127048	308.7094177	269.0975363
320.5082895	309.1874976	269.5142717
321.0007987	309.6626107	269.9284209
321.4902629	310.1347863	270.3400096
321.976712	310.6040534	270.7490629
322.4601753	311.0704401	271.1556055
322.9406818	311.5339744	271.5596616
323.4182596	311.9946835	271.9612551
323.8929366	312.4525943	272.3604093
324.36474	312.907733	272.7571471
324.8336968	313.3601256	273.1514912
325.2998331	313.8097974	273.5434636
325.763175	314.2567734	273.9330861
326.2237479	314.7010781	274.3203801
326.6815766	315.1427358	274.7053667
327.1366858	315.5817699	275.0880664
327.5890997	316.0182039	275.4684996
328.0388419	316.4520606	275.8466863
328.4859358	316.8833626	276.2226459
328.9304044	317.3121318	276.5963979
329.37227	317.7383902	276.9679612
329.8115551	318.1621591	277.3373544
330.2482812	318.5834595	277.7045958
330.68247	319.0023121	278.0697036
331.1141425	319.4187373	278.4326954
331.5433194	319.8327551	278.7935887
331.9700211	320.2443852	279.1524007
332.3942678	320.6536469	279.5091483
332.8160793	321.0605594	279.863848
333.2354749	321.4651413	280.2165162
333.6524738	321.8674113	280.5671691
334.0670948	322.2673874	280.9158225
334.4793566	322.6650875	281.2624919
334.8892773	323.0605292	281.6071928
335.296875	323.45373	281.9499402
335.7021672	323.8447067	282.290749
336.1051715	324.2334764	282.6296339
336.505905	324.6200554	282.9666092
336.9043846	325.0044601	283.3016893
337.3006269	325.3867066	283.634888
337.6946483	325.7668106	283.9662192
338.0864649	326.1447878	284.2956964
338.4760927	326.5206534	284.623333
338.8635473	326.8944226	284.9491422
339.2488442	327.2661102	285.273137
339.6319985	327.635731	285.59533
340.0130252	328.0032993	285.915734
340.3919391	328.3688294	286.2343613
340.7687547	328.7323354	286.5512242
341.1434864	329.0938311	286.8663348
341.5161482	329.45333	287.1797048
341.8867542	329.8108457	287.4913461
342.2553181	330.1663913	287.8012701
342.6218533	330.51998	288.1094882
342.9863732	330.8716246	288.4160117
343.348891	331.2213378	288.7208517
343.7094197	331.5691321	289.0240189
344.067972	331.9150198	289.3255242
344.4245605	332.2590131	289.6253782
344.7791977	332.601124	289.9235914
345.1318958	332.9413644	290.220174
345.4826669	333.2797458	290.5151362
345.831523	333.6162798	290.808488
346.1784759	333.9509778	291.1002394
346.523537	334.283851	291.3904001
346.866718	334.6149103	291.6789797
347.20803	334.9441667	291.9659878
347.5474842	335.2716309	292.2514336
347.8850917	335.5973136	292.5353265
348.2208632	335.9212253	292.8176756
348.5548095	336.2433761	293.0984898
348.8869411	336.5637764	293.3777781
349.2172685	336.8824361	293.6555492
349.5458019	337.1993653	293.9318118
349.8725516	337.5145737	294.2065744
350.1975274	337.8280709	294.4798454
350.5207394	338.1398666	294.7516332
350.8421972	338.4499701	295.0219459
351.1619105	338.7583908	295.2907917
351.4798889	339.0651377	295.5581786
351.7961417	339.37022	295.8241145
352.1106782	339.6736467	296.0886071
352.4235076	339.9754265	296.3516642
352.7346388	340.2755681	296.6132933
353.0440809	340.5740803	296.873502
353.3518426	340.8709714	297.1322978
353.6579326	341.1662499	297.3896878
353.9623596	341.4599241	297.6456793
354.265132	341.7520022	297.9002795
354.5662582	342.0424922	298.1534955
354.8657465	342.3314021	298.4053341
355.163605	342.6187399	298.6558023
355.4598419	342.9045133	298.9049068
355.7544652	343.18873	299.1526545
356.0474826	343.4713977	299.3990518
356.338902	343.7525238	299.6441053
356.6287311	344.0321157	299.8878215
356.9169775	344.3101808	300.1302069
357.2036486	344.5867264	300.3712676
357.488752	344.8617595	300.61101
357.7722949	345.1352873	300.8494402
358.0542846	345.4073167	301.0865644
358.3347282	345.6778546	301.3223884
358.6136328	345.946908	301.5569183
358.8910054	346.2144834	301.7901599
359.1668529	346.4805875	302.022119
359.4411821	346.7452271	302.2528015
359.7139997	347.0084084	302.4822129
359.9853125	347.270138	302.7103588
360.255127	347.5304223	302.9372448
360.5234497	347.7892675	303.1628764
360.790287	348.0466798	303.387259
361.0556453	348.3026653	303.6103979
361.319531	348.5572301	303.8322984
361.5819502	348.8103803	304.0529657
361.842909	349.0621217	304.272405
362.1024135	349.3124601	304.4906215
362.3604697	349.5614015	304.70762
362.6170837	349.8089515	304.9234058
362.8722611	350.0551157	305.1379836
363.1260079	350.2998998	305.3513583
363.3783297	350.5433092	305.5635348
363.6292323	350.7853496	305.7745179
363.8787211	351.0260262	305.9843122
364.1268019	351.2653444	306.1929224
364.37348	351.5033095	306.4003532
364.618761	351.7399268	306.606609
364.86265	351.9752013	306.8116944
365.1051525	352.2091383	307.0156139
365.3462736	352.4417427	307.2183718
365.5860187	352.6730196	307.4199726
365.8243927	352.9029739	307.6204204
366.0614007	353.1316105	307.8197196
366.2970478	353.3589342	308.0178744
366.5313389	353.5849499	308.214889
366.764279	353.8096622	308.4107674
366.9958728	354.0330758	308.6055138
367.2261252	354.2551953	308.7991322
367.4550409	354.4760254	308.9916266
367.6826245	354.6955705	309.1830009
367.9088809	354.9138351	309.3732591
368.1338144	355.1308237	309.5624049
368.3574297	355.3465406	309.7504422
368.5797313	355.5609902	309.9373748
368.8007236	355.7741767	310.1232064
369.0204109	355.9861044	310.3079407
369.2387977	356.1967775	310.4915814
369.4558883	356.4062001	310.674132
369.6716868	356.6143763	310.8555962
369.8861975	356.8213103	311.0359775
370.0994246	357.0270059	311.2152794
370.3113722	357.2314672	311.3935054
370.5220443	357.4346981	311.5706588
370.731445	357.6367025	311.7467431
370.9395783	357.8374842	311.9217617
371.1464481	358.0370471	312.0957177
371.3520583	358.2353948	312.2686146
371.5564128	358.4325313	312.4404556
371.7595154	358.62846	312.6112438
371.9613699	358.8231847	312.7809825
372.1619799	359.0167089	312.9496748
372.3613494	359.2090363	313.1173239
372.5594817	359.4001704	313.2839327
372.7563807	359.5901147	313.4495043
372.9520499	359.7788725	313.6140418
373.1464928	359.9664474	313.7775481
373.3397129	360.1528428	313.9400263
373.5317138	360.3380619	314.1014791
373.7224987	360.5221081	314.2619095
373.9120713	360.7049846	314.4213204
374.1004347	360.8866948	314.5797145
374.2875924	361.0672418	314.7370947
374.4735475	361.2466288	314.8934637
374.6583035	361.4248589	315.0488244
374.8418635	361.6019353	315.2031793
375.0242307	361.777861	315.3565312
375.2054082	361.9526391	315.5088827
375.3853992	362.1262726	315.6602365
375.5642067	362.2987644	315.8105951
375.7418339	362.4701175	315.9599612
375.9182837	362.6403349	316.1083372
376.0935592	362.8094194	316.2557257
376.2676632	362.9773739	316.4021292
376.4405988	363.1442011	316.5475501
376.6123688	363.309904	316.6919909
376.7829762	363.4744852	316.835454
376.9524236	363.6379476	316.9779418
377.1207141	363.8002938	317.1194566
377.2878502	363.9615265	317.2600008
377.4538349	364.1216483	317.3995767
377.6186707	364.2806619	317.5381865
377.7823605	364.4385699	317.6758327
377.9449068	364.5953749	317.8125173
378.1063123	364.7510793	317.9482426
378.2665796	364.9056858	318.0830108
378.4257113	365.0591967	318.2168241
378.58371	365.2116147	318.3496846
378.7405781	365.362942	318.4815945
378.8963183	365.5131812	318.6125558
379.0509328	365.6623346	318.7425706
379.2044243	365.8104045	318.871641
379.3567951	365.9573933	318.9997691
379.5080476	366.1033034	319.1269568
379.6581841	366.2481369	319.2532061
379.8072072	366.3918963	319.378519
379.9551189	366.5345836	319.5028975
380.1019217	366.6762011	319.6263434
380.2476179	366.8167511	319.7488588
380.3922096	366.9562356	319.8704454
380.5356991	367.0946568	319.9911052
380.6780886	367.2320169	320.11084
380.8193802	367.3683179	320.2296517
380.9595761	367.503562	320.3475419
381.0986785	367.6377511	320.4645126
381.2366895	367.7708873	320.5805656
381.3736111	367.9029726	320.6957024
381.5094453	368.0340091	320.809925
381.6441943	368.1639985	320.9232349
381.7778601	368.292943	321.035634
381.9104446	368.4208444	321.1471238
382.0419498	368.5477047	321.257706
382.1723776	368.6735256	321.3673823
382.30173	368.7983092	321.4761543
382.430009	368.9220571	321.5840236
382.5572163	369.0447713	321.6909918
382.6833538	369.1664535	321.7970604
382.8084235	369.2871055	321.902231
382.932427	369.4067291	322.0065052
383.0553663	369.525326	322.1098844
383.1772431	369.6428979	322.2123701
383.2980591	369.7594465	322.3139639
383.4178161	369.8749736	322.4146671
383.5365159	369.9894807	322.5144813
383.6541601	370.1029695	322.6134079
383.7707504	370.2154417	322.7114483
383.8862884	370.3268988	322.8086038
384.0007759	370.4373424	322.9048759
384.1142145	370.5467742	323.000266
384.2266057	370.6551956	323.0947754
384.3379511	370.7626081	323.1884053
384.4482524	370.8690134	323.2811573
384.557511	370.9744129	323.3730325
384.6657285	371.078808	323.4640322
384.7729065	371.1822003	323.5541577
384.8790463	371.2845911	323.6434104
384.9841496	371.385982	323.7317913
385.0882177	371.4863742	323.8193018
385.1912521	371.5857693	323.9059431
385.2932542	371.6841686	323.9917163
385.3942254	371.7815734	324.0766226
385.4941672	371.8779851	324.1606633
385.5930808	371.973405	324.2438394
385.6909678	372.0678344	324.3261522
385.7878293	372.1612746	324.4076027
385.8836667	372.2537269	324.488192
385.9784813	372.3451926	324.5679213
386.0722745	372.4356728	324.6467916
386.1650474	372.5251689	324.7248041
386.2568014	372.613682	324.8019597
386.3475377	372.7012133	324.8782595
386.4372574	372.7877641	324.9537045
386.5259619	372.8733354	325.0282958
386.6136523	372.9579284	325.1020343
386.7003298	373.0415444	325.1749211
386.7859955	373.1241843	325.2469571
386.8706507	373.2058493	325.3181433
386.9542963	373.2865404	325.3884806
387.0369336	373.3662588	325.45797
387.1185636	373.4450056	325.5266124
387.1991874	373.5227816	325.5944087
387.2788061	373.5995881	325.6613598
387.3574208	373.675426	325.7274666
387.4350324	373.7502963	325.7927299
387.511642	373.8241999	325.8571507
387.5872507	373.897138	325.9207297
387.6618593	373.9691113	325.9834678
387.7354689	374.040121	326.0453659
387.8080805	374.1101678	326.1064247
387.8796949	374.1792527	326.166645
387.9503132	374.2473766	326.2260277
388.0199362	374.3145405	326.2845734
388.0885649	374.3807451	326.342283
388.1562001	374.4459913	326.3991572
388.2228428	374.5102801	326.4551968
388.2884937	374.5736121	326.5104024
388.3531538	374.6359883	326.5647749
388.4168238	374.6974094	326.6183148
388.4795046	374.7578763	326.6710228
388.541197	374.8173897	326.7228998
388.6019019	374.8759503	326.7739462
388.6616199	374.933559	326.8241629
388.7203518	374.9902164	326.8735504
388.7780984	375.0459233	326.9221093
388.8348605	375.1006805	326.9698403
388.8906387	375.1544885	327.016744
388.9454338	375.2073482	327.062821
388.9992464	375.2592601	327.1080719
389.0520773	375.3102249	327.1524972
389.1039272	375.3602434	327.1960975
389.1547966	375.409316	327.2388734
389.2046862	375.4574435	327.2808255
389.2535968	375.5046264	327.3219541
389.3015288	375.5508654	327.36226
389.3484828	375.596161	327.4017435
389.3944596	375.6405138	327.4404052
389.4394597	375.6839244	327.4782456
389.4834835	375.7263933	327.5152651
389.5265318	375.767921	327.5514642
389.568605	375.8085081	327.5868434
389.6097036	375.8481551	327.6214031
389.6498282	375.8868625	327.6551438
389.6889793	375.9246307	327.6880658
389.7271574	375.9614603	327.7201696
389.7643629	375.9973516	327.7514556
389.8005964	376.0323053	327.7819241
389.8358582	376.0663216	327.8115757
389.8701488	376.099401	327.8404105
389.9034686	376.1315439	327.8684291
389.9358181	376.1627508	327.8956317
389.9671977	376.193022	327.9220186
389.9976077	376.2223579	327.9475903
390.0270486	376.2507589	327.972347
390.0555206	376.2782252	327.996289
390.0830242	376.3047574	328.0194167
390.1095597	376.3303556	328.0417303
390.1351274	376.3550202	328.0632301
390.1597277	376.3787516	328.0839164
390.1833608	376.4015499	328.1037894
390.206027	376.4234155	328.1228493
390.2277267	376.4443487	328.1410965
390.24846	376.4643498	328.1585311
390.2682273	376.4834188	328.1751533
390.2870288	376.5015562	328.1909634
390.3048647	376.5187622	328.2059616
390.3217353	376.5350368	328.220148
390.3376407	376.5503804	328.2335228
390.3525811	376.5647932	328.2460862
390.3665568	376.5782752	328.2578383
390.3795679	376.5908268	328.2687793
390.3916146	376.6024479	328.2789093
390.402697	376.6131389	328.2882284
390.4128153	376.6228998	328.2967368
390.4219695	376.6317306	328.3044346
390.4301598	376.6396317	328.3113218
390.4373863	376.6466029	328.3173986
390.4436491	376.6526445	328.3226649
390.4489483	376.6577565	328.327121
390.4532839	376.661939	328.3307668
390.456656	376.6651919	328.3336023
390.4590646	376.6675155	328.3356277
390.4605097	376.6689096	328.3368429
390.4609914	376.6693743	328.337248
