390.4609914	376.6693743	328.337248
390.4605097	376.6689096	328.3368429
390.4590646	376.6675155	328.3356277
390.456656	376.6651919	328.3336023
390.4532839	376.661939	328.3307668
390.4489483	376.6577565	328.327121
390.4436491	376.6526445	328.3226649
390.4373863	376.6466029	328.3173986
390.4301598	376.6396317	328.3113218
390.4219695	376.6317306	328.3044346
390.4128153	376.6228998	328.2967368
390.402697	376.6131389	328.2882284
390.3916146	376.6024479	328.2789093
390.3795679	376.5908268	328.2687793
390.3665568	376.5782752	328.2578383
390.3525811	376.5647932	328.2460862
390.3376407	376.5503804	328.2335228
390.3217353	376.5350368	328.220148
390.3048647	376.5187622	328.2059616
390.2870288	376.5015562	328.1909634
390.2682273	376.4834188	328.1751533
390.24846	376.4643498	328.1585311
390.2277267	376.4443487	328.1410965
390.206027	376.4234155	328.1228493
390.1833608	376.4015499	328.1037894
390.1597277	376.3787516	328.0839164
390.1351274	376.3550202	328.0632301
390.1095597	376.3303556	328.0417303
390.0830242	376.3047574	328.0194167
390.0555206	376.2782252	327.996289
390.0270486	376.2507589	327.972347
389.9976077	376.2223579	327.9475903
389.9671977	376.193022	327.9220186
389.9358181	376.1627508	327.8956317
389.9034686	376.1315439	327.8684291
389.8701488	376.099401	327.8404105
389.8358582	376.0663216	327.8115757
389.8005964	376.0323053	327.7819241
389.7643629	375.9973516	327.7514556
389.7271574	375.9614603	327.7201696
389.6889793	375.9246307	327.6880658
389.6498282	375.8868625	327.6551438
389.6097036	375.8481551	327.6214031
389.568605	375.8085081	327.5868434
389.5265318	375.767921	327.5514642
389.4834835	375.7263933	327.5152651
389.4394597	375.6839244	327.4782456
389.3944596	375.6405138	327.4404052
389.3484828	375.596161	327.4017435
389.3015288	375.5508654	327.36226
389.2535968	375.5046264	327.3219541
389.2046862	375.4574435	327.2808255
389.1547966	375.409316	327.2388734
389.1039272	375.3602434	327.1960975
389.0520773	375.3102249	327.1524972
388.9992464	375.2592601	327.1080719
388.9454338	375.2073482	327.062821
388.8906387	375.1544885	327.016744
388.8348605	375.1006805	326.9698403
388.7780984	375.0459233	326.9221093
388.7203518	374.9902164	326.8735504
388.6616199	374.933559	326.8241629
388.6019019	374.8759503	326.7739462
388.541197	374.8173897	326.7228998
388.4795046	374.7578763	326.6710228
388.4168238	374.6974094	326.6183148
388.3531538	374.6359883	326.5647749
388.2884937	374.5736121	326.5104024
388.2228428	374.5102801	326.4551968
388.1562001	374.4459913	326.3991572
388.0885649	374.3807451	326.342283
388.0199362	374.3145405	326.2845734
387.9503132	374.2473766	326.2260277
387.8796949	374.1792527	326.166645
387.8080805	374.1101678	326.1064247
387.7354689	374.040121	326.0453659
387.6618593	373.9691113	325.9834678
387.5872507	373.897138	325.9207297
387.511642	373.8241999	325.8571507
387.4350324	373.7502963	325.7927299
387.3574208	373.675426	325.7274666
387.2788061	373.5995881	325.6613598
387.1991874	373.5227816	325.5944087
387.1185636	373.4450056	325.5266124
387.0369336	373.3662588	325.45797
386.9542963	373.2865404	325.3884806
386.8706507	373.2058493	325.3181433
386.7859955	373.1241843	325.2469571
386.7003298	373.0415444	325.1749211
386.6136523	372.9579284	325.1020343
386.5259619	372.8733354	325.0282958
386.4372574	372.7877641	324.9537045
386.3475377	372.7012133	324.8782595
386.2568014	372.613682	324.8019597
386.1650474	372.5251689	324.7248041
386.0722745	372.4356728	324.6467916
385.9784813	372.3451926	324.5679213
385.8836667	372.2537269	324.488192
385.7878293	372.1612746	324.4076027
385.6909678	372.0678344	324.3261522
385.5930808	371.973405	324.2438394
385.4941672	371.8779851	324.1606633
385.3942254	371.7815734	324.0766226
385.2932542	371.6841686	323.9917163
385.1912521	371.5857693	323.9059431
385.0882177	371.4863742	323.8193018
384.9841496	371.385982	323.7317913
384.8790463	371.2845911	323.6434104
384.7729065	371.1822003	323.5541577
384.6657285	371.078808	323.4640322
384.557511	370.9744129	323.3730325
384.4482524	370.8690134	323.2811573
384.3379511	370.7626081	323.1884053
384.2266057	370.6551956	323.0947754
384.1142145	370.5467742	323.000266
384.0007759	370.4373424	322.9048759
383.8862884	370.3268988	322.8086038
383.7707504	370.2154417	322.7114483
383.6541601	370.1029695	322.6134079
383.5365159	369.9894807	322.5144813
383.4178161	369.8749736	322.4146671
383.2980591	369.7594465	322.3139639
383.1772431	369.6428979	322.2123701
383.0553663	369.525326	322.1098844
382.932427	369.4067291	322.0065052
382.8084235	369.2871055	321.902231
382.6833538	369.1664535	321.7970604
382.5572163	369.0447713	321.6909918
382.430009	368.9220571	321.5840236
382.30173	368.7983092	321.4761543
382.1723776	368.6735256	321.3673823
382.0419498	368.5477047	321.257706
381.9104446	368.4208444	321.1471238
381.7778601	368.292943	321.035634
381.6441943	368.1639985	320.9232349
381.5094453	368.0340091	320.809925
381.3736111	367.9029726	320.6957024
381.2366895	367.7708873	320.5805656
381.0986785	367.6377511	320.4645126
380.9595761	367.503562	320.3475419
380.8193802	367.3683179	320.2296517
380.6780886	367.2320169	320.11084
380.5356991	367.0946568	319.9911052
380.3922096	366.9562356	319.8704454
380.2476179	366.8167511	319.7488588
380.1019217	366.6762011	319.6263434
379.9551189	366.5345836	319.5028975
379.8072072	366.3918963	319.378519
379.6581841	366.2481369	319.2532061
379.5080476	366.1033034	319.1269568
379.3567951	365.9573933	318.9997691
379.2044243	365.8104045	318.871641
379.0509328	365.6623346	318.7425706
378.8963183	365.5131812	318.6125558
378.7405781	365.362942	318.4815945
378.58371	365.2116147	318.3496846
378.4257113	365.0591967	318.2168241
378.2665796	364.9056858	318.0830108
378.1063123	364.7510793	317.9482426
377.9449068	364.5953749	317.8125173
377.7823605	364.4385699	317.6758327
377.6186707	364.2806619	317.5381865
377.4538349	364.1216483	317.3995767
377.2878502	363.9615265	317.2600008
377.1207141	363.8002938	317.1194566
376.9524236	363.6379476	316.9779418
376.7829762	363.4744852	316.835454
376.6123688	363.309904	316.6919909
376.4405988	363.1442011	316.5475501
376.2676632	362.9773739	316.4021292
376.0935592	362.8094194	316.2557257
375.9182837	362.6403349	316.1083372
375.7418339	362.4701175	315.9599612
375.5642067	362.2987644	315.8105951
375.3853992	362.1262726	315.6602365
375.2054082	361.9526391	315.5088827
375.0242307	361.777861	315.3565312
374.8418635	361.6019353	315.2031793
374.6583035	361.4248589	315.0488244
374.4735475	361.2466288	314.8934637
374.2875924	361.0672418	314.7370947
374.1004347	360.8866948	314.5797145
373.9120713	360.7049846	314.4213204
373.7224987	360.5221081	314.2619095
373.5317138	360.3380619	314.1014791
373.3397129	360.1528428	313.9400263
373.1464928	359.9664474	313.7775481
372.9520499	359.7788725	313.6140418
372.7563807	359.5901147	313.4495043
372.5594817	359.4001704	313.2839327
372.3613494	359.2090363	313.1173239
372.1619799	359.0167089	312.9496748
371.9613699	358.8231847	312.7809825
371.7595154	358.62846	312.6112438
371.5564128	358.4325313	312.4404556
371.3520583	358.2353948	312.2686146
371.1464481	358.0370471	312.0957177
370.9395783	357.8374842	311.9217617
370.731445	357.6367025	311.7467431
370.5220443	357.4346981	311.5706588
370.3113722	357.2314672	311.3935054
370.0994246	357.0270059	311.2152794
369.8861975	356.8213103	311.0359775
369.6716868	356.6143763	310.8555962
369.4558883	356.4062001	310.674132
369.2387977	356.1967775	310.4915814
369.0204109	355.9861044	310.3079407
368.8007236	355.7741767	310.1232064
368.5797313	355.5609902	309.9373748
368.3574297	355.3465406	309.7504422
368.1338144	355.1308237	309.5624049
367.9088809	354.9138351	309.3732591
367.6826245	354.6955705	309.1830009
367.4550409	354.4760254	308.9916266
367.2261252	354.2551953	308.7991322
366.9958728	354.0330758	308.6055138
366.764279	353.8096622	308.4107674
366.5313389	353.5849499	308.214889
366.2970478	353.3589342	308.0178744
366.0614007	353.1316105	307.8197196
365.8243927	352.9029739	307.6204204
365.5860187	352.6730196	307.4199726
365.3462736	352.4417427	307.2183718
365.1051525	352.2091383	307.0156139
364.86265	351.9752013	306.8116944
364.618761	351.7399268	306.606609
364.37348	351.5033095	306.4003532
364.1268019	351.2653444	306.1929224
363.8787211	351.0260262	305.9843122
363.6292323	350.7853496	305.7745179
363.3783297	350.5433092	305.5635348
363.1260079	350.2998998	305.3513583
362.8722611	350.0551157	305.1379836
362.6170837	349.8089515	304.9234058
362.3604697	349.5614015	304.70762
362.1024135	349.3124601	304.4906215
361.842909	349.0621217	304.272405
361.5819502	348.8103803	304.0529657
361.319531	348.5572301	303.8322984
361.0556453	348.3026653	303.6103979
360.790287	348.0466798	303.387259
360.5234497	347.7892675	303.1628764
360.255127	347.5304223	302.9372448
359.9853125	347.270138	302.7103588
359.7139997	347.0084084	302.4822129
359.4411821	346.7452271	302.2528015
359.1668529	346.4805875	302.022119
358.8910054	346.2144834	301.7901599
358.6136328	345.946908	301.5569183
358.3347282	345.6778546	301.3223884
358.0542846	345.4073167	301.0865644
357.7722949	345.1352873	300.8494402
357.488752	344.8617595	300.61101
357.2036486	344.5867264	300.3712676
356.9169775	344.3101808	300.1302069
356.6287311	344.0321157	299.8878215
356.338902	343.7525238	299.6441053
356.0474826	343.4713977	299.3990518
355.7544652	343.18873	299.1526545
355.4598419	342.9045133	298.9049068
355.163605	342.6187399	298.6558023
354.8657465	342.3314021	298.4053341
354.5662582	342.0424922	298.1534955
354.265132	341.7520022	297.9002795
353.9623596	341.4599241	297.6456793
353.6579326	341.1662499	297.3896878
353.3518426	340.8709714	297.1322978
353.0440809	340.5740803	296.873502
352.7346388	340.2755681	296.6132933
352.4235076	339.9754265	296.3516642
352.1106782	339.6736467	296.0886071
351.7961417	339.37022	295.8241145
351.4798889	339.0651377	295.5581786
351.1619105	338.7583908	295.2907917
350.8421972	338.4499701	295.0219459
350.5207394	338.1398666	294.7516332
350.1975274	337.8280709	294.4798454
349.8725516	337.5145737	294.2065744
349.5458019	337.1993653	293.9318118
349.2172685	336.8824361	293.6555492
348.8869411	336.5637764	293.3777781
348.5548095	336.2433761	293.0984898
348.2208632	335.9212253	292.8176756
347.8850917	335.5973136	292.5353265
347.5474842	335.2716309	292.2514336
347.20803	334.9441667	291.9659878
346.866718	334.6149103	291.6789797
346.523537	334.283851	291.3904001
346.1784759	333.9509778	291.1002394
345.831523	333.6162798	290.808488
345.4826669	333.2797458	290.5151362
345.1318958	332.9413644	290.220174
344.7791977	332.601124	289.9235914
344.4245605	332.2590131	289.6253782
344.067972	331.9150198	289.3255242
343.7094197	331.5691321	289.0240189
343.348891	331.2213378	288.7208517
342.9863732	330.8716246	288.4160117
342.6218533	330.51998	288.1094882
342.2553181	330.1663913	287.8012701
341.8867542	329.8108457	287.4913461
341.5161482	329.45333	287.1797048
341.1434864	329.0938311	286.8663348
340.7687547	328.7323354	286.5512242
340.3919391	328.3688294	286.2343613
340.0130252	328.0032993	285.915734
339.6319985	327.635731	285.59533
339.2488442	327.2661102	285.273137
338.8635473	326.8944226	284.9491422
338.4760927	326.5206534	284.623333
338.0864649	326.1447878	284.2956964
337.6946483	325.7668106	283.9662192
337.3006269	325.3867066	283.634888
336.9043846	325.0044601	283.3016893
336.505905	324.6200554	282.9666092
336.1051715	324.2334764	282.6296339
335.7021672	323.8447067	282.290749
335.296875	323.45373	281.9499402
334.8892773	323.0605292	281.6071928
334.4793566	322.6650875	281.2624919
334.0670948	322.2673874	280.9158225
333.6524738	321.8674113	280.5671691
333.2354749	321.4651413	280.2165162
332.8160793	321.0605594	279.863848
332.3942678	320.6536469	279.5091483
331.9700211	320.2443852	279.1524007
331.5433194	319.8327551	278.7935887
331.1141425	319.4187373	278.4326954
330.68247	319.0023121	278.0697036
330.2482812	318.5834595	277.7045958
329.8115551	318.1621591	277.3373544
329.37227	317.7383902	276.9679612
328.9304044	317.3121318	276.5963979
328.4859358	316.8833626	276.2226459
328.0388419	316.4520606	275.8466863
327.5890997	316.0182039	275.4684996
327.1366858	315.5817699	275.0880664
326.6815766	315.1427358	274.7053667
326.2237479	314.7010781	274.3203801
325.763175	314.2567734	273.9330861
325.2998331	313.8097974	273.5434636
324.8336968	313.3601256	273.1514912
324.36474	312.907733	272.7571471
323.8929366	312.4525943	272.3604093
323.4182596	311.9946835	271.9612551
322.9406818	311.5339744	271.5596616
322.4601753	311.0704401	271.1556055
321.976712	310.6040534	270.7490629
321.4902629	310.1347863	270.3400096
321.0007987	309.6626107	269.9284209
320.5082895	309.1874976	269.5142717
320.0127048	308.7094177	269.0975363
319.5140137	308.228341	268.6781887
319.0121844	307.744237	268.2562023
318.5071847	307.2570746	267.8315499
317.9989819	306.7668222	267.4042039
317.4875424	306.2734474	266.9741363
316.972832	305.7769173	266.5413182
316.454816	305.2771984	266.1057204
315.9334589	304.7742563	265.6673131
315.4087245	304.2680562	265.2260657
314.8805758	303.7585624	264.7819474
314.3489752	303.2457387	264.3349264
313.8138842	302.7295479	263.8849703
313.2752637	302.2099522	263.4320462
312.7330735	301.6869129	262.9761205
312.1872729	301.1603908	262.5171587
311.6378202	300.6303454	262.0551259
311.0846727	300.0967359	261.5899861
310.527787	299.5595201	261.1217029
309.9671186	299.0186553	260.6502389
309.4026222	298.4740977	260.1755559
308.8342514	297.9258025	259.6976149
308.2619589	297.3737241	259.2163762
307.6856962	296.8178158	258.7317989
307.1054138	296.2580299	258.2438416
306.5210613	295.6943175	257.7524616
305.9325868	295.1266287	257.2576155
305.3399374	294.5549125	256.7592588
304.7430591	293.9791167	256.257346
304.1418964	293.399188	255.7518304
303.5363928	292.8150716	255.2426646
302.9264903	292.2267116	254.7297998
302.3121294	291.6340508	254.2131859
301.6932495	291.0370306	253.6927721
301.0697884	290.435591	253.1685058
300.4416823	289.8296704	252.6403336
299.8088659	289.219206	252.1082006
299.1712723	288.6041331	251.5720504
298.528833	287.9843857	251.0318255
297.8814778	287.3598958	250.4874668
297.2291344	286.7305942	249.9389136
296.5717291	286.0964093	249.3861039
295.9091861	285.4572682	248.8289738
295.2414275	284.8130958	248.267458
294.5683736	284.163815	247.7014894
293.8899424	283.509347	247.130999
293.2060497	282.8496104	246.5559162
292.5166093	282.1845219	245.9761682
291.8215323	281.513996	245.3916804
291.1207276	280.8379447	244.8023763
290.4141014	280.1562774	244.2081768
289.7015573	279.4689014	243.609001
288.9829963	278.7757209	243.0047656
288.2583163	278.0766377	242.3953849
287.5274126	277.3715505	241.7807705
286.7901771	276.6603551	241.1608319
286.0464987	275.9429445	240.5354754
285.2962629	275.2192081	239.9046048
284.5393518	274.4890321	239.268121
283.7756439	273.7522994	238.6259217
283.0050138	273.008889	237.9779016
282.2273324	272.2586764	237.3239521
281.4424664	271.5015329	236.6639611
280.6502782	270.7373259	235.9978129
279.850626	269.9659185	235.3253882
279.0433631	269.1871692	234.6465637
278.228338	268.4009319	233.961212
277.4053942	267.6070556	233.2692015
276.5743699	266.8053842	232.5703962
275.7350978	265.9957563	231.8646553
274.8874046	265.1780049	231.1518331
274.0311112	264.3519569	230.4317791
273.1660318	263.5174333	229.7043369
272.2919742	262.6742486	228.969345
271.408739	261.8222105	228.2266357
270.5161195	260.9611196	227.4760352
269.6139012	260.0907689	226.717363
268.7018615	259.2109436	225.9504321
267.7797692	258.3214208	225.175048
266.8473839	257.4219687	224.3910086
265.9044561	256.5123464	223.5981039
264.9507257	255.5923031	222.7961155
263.9859225	254.6615781	221.9848159
263.0097648	253.7198996	221.1639684
262.0219592	252.7669846	220.3333262
261.0221997	251.802538	219.492632
260.010167	250.8262517	218.6416174
258.9855279	249.8378042	217.780002
257.9479341	248.8368596	216.9074931
256.8970215	247.8230668	216.0237845
255.8324094	246.7960582	215.128556
254.7536989	245.7554492	214.2214722
253.660472	244.7008366	213.3021816
252.5522907	243.6317978	212.3703159
251.4286949	242.5478889	211.4254882
250.2892015	241.448644	210.4672923
249.1333025	240.3335729	209.495301
247.9604633	239.20216	208.5090647
246.7701209	238.0538621	207.50811
245.5616814	236.8881063	206.4919376
244.3345181	235.7042882	205.4600204
243.0879688	234.5017687	204.4118015
241.8213329	233.2798721	203.346692
240.5338685	232.0378828	202.2640678
239.2247889	230.7750416	201.1632674
237.8932587	229.4905429	200.0435885
236.5383899	228.1835299	198.9042842
235.1592371	226.8530907	197.7445595
233.7547924	225.4982529	196.563567
232.3239794	224.1179781	195.3604014
230.865647	222.711156	194.1340949
229.3785621	221.276597	192.8836106
227.8614012	219.8130244	191.6078355
226.3127416	218.3190655	190.3055731
224.7310502	216.7932416	188.9755345
223.1146724	215.2339565	187.6163282
221.4618179	213.6394831	186.2264488
219.7705453	212.0079486	184.8042637
218.0387444	210.3373172	183.3479985
216.2641151	208.6253702	181.8557191
214.4441436	206.8696827	180.3253116
212.5760745	205.0675963	178.754459
210.6568776	203.216188	177.1406132
208.6832094	201.3122326	175.4809627
206.6513675	199.3521581	173.7723942
204.5572353	197.3319935	172.0114459
202.3962165	195.2473048	170.1942529
200.1631557	193.0931188	168.3164801
197.8522409	190.8638287	166.3732401
195.4568845	188.5530795	164.3589935
192.9695744	186.1536247	162.2674234
190.3816881	183.657146	160.091279
187.6832556	181.0540259	157.8221769
184.8626554	178.3330532	155.4503443
181.906217	175.4810402	152.9642858
178.7976948	172.4823152	150.3503406
175.5175571	169.3180365	147.5920846
172.0420082	165.9652487	144.6695079
168.3416074	162.3955512	141.5578542
164.3792702	158.5731692	138.2259391
160.1072756	154.4520673	134.6336341
155.4626162	149.9714636	130.7279567
150.3594273	145.0485264	126.4367034
144.6759311	139.565779	121.6574718
138.2302005	133.3477204	116.23728
130.7305356	126.112954	114.7686897
124.8815167	124.6555981	113.1867193
124.7584896	124.6954026	112.1602897
124.618964	124.5746916	111.8727545
124.4571058	124.3119145	111.5167451
124.2633307	124.0852583	111.0723391
124.0281498	123.7970038	110.6947218
123.7630355	123.3766534	110.3336073
123.4984274	122.9523647	109.976536
123.2725839	122.5563597	109.654611
123.0618267	122.1878775	109.4244231
122.8437644	121.8957219	109.2444562
122.6430754	121.6385155	109.0323985
122.4550079	121.3469329	108.8050393
122.2629164	121.0787208	108.5934981
122.0708914	120.8457891	108.408247
121.8785189	120.6042831	108.1922754
121.6838203	120.3724886	107.9470236
121.5018586	120.1591576	107.7601918
121.3369458	119.9409786	107.6045504
121.1752737	119.7316864	107.4353118
120.9932703	119.5414372	107.2663423
120.7982462	119.3472751	107.0979328
120.6402595	119.1602921	106.927486
120.5042996	118.9943484	106.7734006
120.360057	118.8159142	106.6324911
120.2136414	118.6191641	106.4880163
120.0714635	118.4241769	106.3465033
119.9307619	118.241955	106.2016695
119.7715696	118.0772012	106.0350375
119.6019743	117.9290645	105.8703445
119.4516361	117.7904158	105.7281301
119.3209807	117.6468691	105.6024126
119.2026499	117.4812253	105.4875114
119.0879595	117.3161126	105.3705282
118.9576168	117.1729387	105.2260196
118.8110622	117.0317799	105.0890314
118.6825277	116.8865466	104.9973327
118.5663366	116.7422698	104.8787215
118.4453451	116.5993516	104.7287348
118.3297171	116.4547455	104.6049937
118.2050514	116.3073626	104.4880605
118.0559559	116.1739019	104.3671597
117.935078	116.0562841	104.2645786
117.8444727	115.9359661	104.17499
117.7311717	115.8184305	104.0800567
117.6030607	115.7005149	103.9630124
117.4834999	115.5547241	103.8453122
117.3850853	115.4209193	103.749833
117.2870951	115.3302501	103.6547489
117.167441	115.2076527	103.55966
117.033116	115.0582557	103.4707581
116.9293697	114.9363756	103.346857
116.8841438	114.8187703	103.1990429
116.8211299	114.6985621	103.0895336
116.7133569	114.5974721	103.0143469
116.5907631	114.5082021	102.9435191
116.4807056	114.4120676	102.8486208
116.3874577	114.2934033	102.7584716
116.2927025	114.1776515	102.6904002
116.1957151	114.0835177	102.5967027
116.0998355	113.9846578	102.5070236
116.0040552	113.8945379	102.4626966
115.9078437	113.8277941	102.3954319
115.8116596	113.7289372	102.2902111
115.716799	113.6039542	102.1882789
115.6195931	113.5042976	102.1087958
115.5199737	113.4132561	102.0381533
115.4392493	113.3161486	101.9427795
115.3686358	113.2198054	101.8535142
115.2763012	113.1238409	101.7848604
115.1767959	113.0276349	101.6942536
115.0815774	112.9352277	101.5993827
114.9828509	112.8519185	101.5281121
114.8931108	112.7741145	101.458155
114.8218632	112.6802877	101.3861117
114.7561778	112.5865883	101.3176025
114.6772013	112.5169771	101.2306569
114.5791923	112.4324334	101.1331644
114.4936244	112.3344433	101.0572598
114.4266043	112.2613051	100.989384
114.359061	112.1848525	100.916617
114.2722885	112.0858208	100.8441421
114.1746026	111.9832113	100.7724589
114.096617	111.898075	100.7004288
114.031533	111.8289295	100.6283882
113.9597039	111.7388204	100.5564001
113.8662563	111.6434329	100.4843798
113.7725383	111.5714005	100.4124771
113.7005358	111.501704	100.3403918
113.6370787	111.4294558	100.2680241
113.5571046	111.3611669	100.1972523
113.4545325	111.2754698	100.1248626
113.3896423	111.1775393	100.0471375
113.3434588	111.1004557	99.98936914
113.2465978	111.0330053	99.9448279
113.1664805	110.9604486	99.85640858
113.1246781	110.8862628	99.76381498
113.0490942	110.8174298	99.7163498
112.9276487	110.7485888	99.6825661
112.8024181	110.6519927	99.62219371
112.7519065	110.5633792	99.52246192
112.738354	110.5208762	99.44636674
112.692378	110.4452941	99.40653534
112.6246485	110.346473	99.36336581
112.5514597	110.2998115	99.3035844
112.480269	110.2340851	99.22954501
112.4050708	110.1320196	99.15364014
112.334499	110.0745801	99.08874183
112.2860879	110.0280888	99.04130183
112.2329753	109.9535089	99.00388798
112.1584719	109.8794446	98.9415457
112.0801824	109.8073237	98.84083712
112.0177071	109.7325491	98.76908549
111.9720394	109.6775565	98.72928107
111.9112007	109.63017	98.6815657
111.8334047	109.5611153	98.63423676
111.7580424	109.4817535	98.58562117
111.7031821	109.4122887	98.51816371
111.6558941	109.3646131	98.4403671
111.587392	109.3101688	98.36858762
111.509379	109.2355669	98.31534082
111.4386923	109.1629446	98.2705321
111.3843902	109.0897696	98.22225878
111.3448566	109.0155395	98.17404451
111.2987344	108.9633903	98.12588354
111.2085229	108.9135812	98.07704128
111.1173805	108.8401194	98.03285307
111.070554	108.7759947	97.98197524
111.0275659	108.7338476	97.90935088
110.978155	108.6946837	97.84411322
110.9325809	108.618784	97.79957725
110.873564	108.518966	97.75744213
110.7980129	108.4599525	97.69796219
110.7218487	108.4208686	97.62355642
110.6604471	108.3719167	97.56733518
110.6145298	108.3203681	97.52371008
110.5680458	108.2768766	97.47557269
110.518717	108.2339985	97.4268007
110.4704518	108.1495278	97.37910394
110.4257824	108.0538527	97.33113156
110.3732037	108.0028765	97.28306384
110.3020163	107.9622393	97.23508297
110.2243188	107.9121086	97.18708818
110.1559178	107.8627284	97.13908262
110.1061827	107.8175884	97.09108364
110.0609736	107.7695372	97.04308427
110.012294	107.7036317	96.99508383
109.9640375	107.6263204	96.94708385
109.9162569	107.5532502	96.89908394
109.8682223	107.4981698	96.85108385
109.8202163	107.4534122	96.80308376
109.7721929	107.4054355	96.75508416
109.7241476	107.3569036	96.7070838
109.6764503	107.3090374	96.65908235
109.6280905	107.2607164	96.61108716
109.5791749	107.2138499	96.5630856
109.5350057	107.1654802	96.51506313
109.4845283	107.1119648	96.46711753
109.4119309	107.0777408	96.41913286
109.3469639	107.0570404	96.37081282
109.3020491	106.9954431	96.3233733
109.2559735	106.921752	96.27599337
109.2061253	106.8748769	96.22372936
109.1578683	106.8303367	96.18077686
109.1144461	106.7809502	96.15867094
109.0596201	106.7331024	96.12454353
108.985281	106.68439	96.0726339
108.9252388	106.636959	96.02382438
108.8814892	106.5930601	95.97664895
108.8340694	106.532274	95.92845187
108.7848192	106.458086	95.88161022
108.7371927	106.404058	95.83097224
108.6904282	106.3604234	95.78140869
108.6393724	106.3119354	95.75495304
108.5909471	106.2632819	95.7273433
108.5648326	106.2156365	95.67635721
108.5375173	106.1676872	95.64299484
108.4882541	106.1193325	95.62025555
108.4379876	106.07164	95.57402618
108.390679	106.0246472	95.52301016
108.3416663	105.9730266	95.47564226
108.298235	105.9265963	95.42377069
108.2466839	105.902532	95.38681624
108.1903688	105.8725918	95.36525836
108.2638277	105.821963	95.32567282
108.2189638	105.7720236	95.27095604
108.1439138	105.7252799	95.22123139
108.1084344	105.6772549	95.19337839
108.0694372	105.6285715	95.16795787
108.0272803	105.5812943	95.12022316
107.9823216	105.5346729	95.07044669
107.9349192	105.4803938	95.02238082
107.8854312	105.4371255	94.9688934
107.8342157	105.4228888	94.93930946
107.7816307	105.3634859	94.91627104
107.7280342	105.3181231	94.84819282
107.6737844	105.4237748	94.85445157
107.6192392	105.3512142	94.85374369
107.5647567	105.3109638	94.7789065
107.5106951	105.2630479	94.75097992
107.4574122	105.208774	94.71989605
107.4052663	105.1494499	94.68602034
107.3546153	105.086383	94.64971824
107.3058173	105.0208811	94.61135518
107.2592304	104.9542518	94.57129662
107.2152126	104.8878027	94.529908
107.174122	104.8228414	94.48755477
107.1363166	104.7606756	94.44460237
107.1021545	104.7026129	94.40141625
106.9650259	104.6499609	94.35836186
107.0384223	104.6040272	94.31580465
107.0541552	104.5124321	94.27411005
106.9903484	104.5462102	94.23364352
106.9454717	104.5878325	94.1947705
106.895499	104.5283654	94.15785644
106.8540127	104.4772101	94.12326678
106.8326433	104.4490686	94.09136697
106.7954393	104.4247747	94.06252246
106.7432366	104.3799819	93.95322017
106.6956351	104.3250038	93.96954489
106.6457504	104.2789952	93.96446131
106.5993081	104.2545859	93.9258117
106.5718435	104.2256511	93.90521231
106.55339	104.1755132	93.86229002
106.5284858	104.1211082	93.81538586
106.4861544	104.0821091	93.791951
106.4322281	104.0604442	93.77372095
106.3830428	104.0238653	93.74516909
106.3571682	103.9705831	93.69967979
106.3291608	103.9198099	93.64168192
106.2779701	103.884812	93.5993429
106.2457903	103.8641366	93.60019917
106.2219453	103.8438587	93.58745602
106.1719474	103.8092891	93.53314629
106.1356376	103.758963	93.47327235
106.1138833	103.7073297	93.44674929
106.0663343	103.6657092	93.45145218
106.0252946	103.6418061	93.42331105
106.0044494	103.6339677	93.3630361
105.9650273	103.5869532	93.30965546
105.9105829	103.4810836	93.29799996
105.8614358	103.4391011	93.29834191
105.8293795	103.451732	93.25601725
105.80949	103.4303725	93.19357161
105.787682	103.4023861	93.15064518
105.7517565	103.3789739	93.15095354
105.6991745	103.3358063	93.13897219
105.6426602	103.281787	93.08586769
105.6221944	103.2341268	93.03105798
105.6260864	103.2040636	92.99135606
105.5897272	103.1849252	92.96742791
105.5311973	103.1621788	92.95092445
105.4835144	103.1225695	92.91862521
105.4532145	103.070238	92.86446058
105.4335316	103.0198097	92.84772095
105.411309	102.9848197	92.84963235
105.3727136	102.9645876	92.80462266
105.3206045	102.9450734	92.75821726
105.2696478	102.9070725	92.73888723
105.2341301	102.8571804	92.72260601
105.2132467	102.8266681	92.68352185
105.1924782	102.8095719	92.63187511
105.1602068	102.7861039	92.62351988
105.1101216	102.7408217	92.6208062
105.0542042	102.6951059	92.57306697
105.0857982	102.6712093	92.51045816
105.0983151	102.6527981	92.47415015
105.0088496	102.624719	92.47845336
104.9837685	102.5796257	92.45616584
104.9562758	102.5217199	92.40218982
104.9266011	102.4784736	92.37206515
104.8949743	102.4787193	92.35653164
104.8616252	102.4669949	92.33156226
104.8267835	102.4133004	92.28474462
104.7906791	102.3533037	92.24089901
104.7535417	102.3252287	92.23835129
104.7156011	102.3296456	92.28903147
104.677087	102.3054294	92.20970041
104.6382294	102.2415376	92.1870467
104.5992579	102.1803915	92.16153058
104.5604023	102.201458	92.13351724
104.5218925	102.1398273	92.10337183
104.4839581	102.1152529	92.07145953
104.4468291	102.086758	92.03814551
104.4107351	102.0549345	92.00379493
104.375906	102.0203744	91.96877296
104.3425715	101.9836696	91.93344478
104.3109615	101.945412	91.89817555
104.2813057	101.9061936	91.86333044
104.2538338	101.8666064	91.82927463
104.2287758	101.8272422	91.79637327
104.2063613	101.788693	91.76499155
104.1230272	101.7515507	91.73549462
104.2080678	101.7164073	91.70824766
104.1566283	101.6838548	91.68361584
104.0989399	101.654485	91.66196433
104.0881305	101.6288899	91.59961211
104.0704186	101.5650334	91.64454546
104.0247061	101.6077599	91.62631795
103.977711	101.6165401	91.56113441
103.9763434	101.5597212	91.54081916
103.9666404	101.509453	91.52815018
103.913445	101.5055771	91.49217712
103.8524449	101.4978271	91.4380561
103.8244437	101.4439774	91.4258976
103.8297711	101.4246913	91.42461806
103.7986394	101.4278854	91.37236314
103.7459035	101.3860018	91.34835003
103.7199861	101.3223357	91.35263994
103.705733	101.2798782	91.30467964
103.6761919	101.2827366	91.27273502
103.621561	101.2642463	91.27931543
103.5996272	101.2102583	91.23702271
103.6038539	101.2016855	91.19793971
103.5583103	101.1986422	91.2049577
103.5219017	101.1490786	91.16939875
103.5280114	101.0865734	91.12408269
103.5003499	101.052709	91.12977087
103.4385783	101.057559	91.10163018
103.3854767	101.0327386	91.0513741
103.3778954	100.9788792	91.053876
103.3744309	100.9497515	91.03368607
103.3221782	100.9354996	90.98012715
103.2972778	100.9092999	90.97624282
103.3023298	100.855587	90.96708244
103.2648604	100.8269732	90.9137135
103.2013842	100.8330997	90.87680548
103.1549839	100.7925893	90.86157498
103.1552611	100.7512601	90.84083097
103.1417422	100.7578125	90.791756
103.0869771	100.7258807	90.75062075
103.0764542	100.6775652	90.75584638
103.0723698	100.6796303	90.72932022
103.0182832	100.6647083	90.67797645
102.9999235	100.6073167	90.67892657
103.0013649	100.548073	90.66143537
102.9503853	100.528775	90.60717608
102.9231082	100.5329426	90.60185601
102.9285334	100.4881317	90.59330497
102.8879641	100.4512993	90.53948959
102.8385739	100.4582893	90.5165327
102.8175905	100.4211637	90.52968619
102.8025286	100.3770837	90.53624317
102.7658932	100.3831799	90.49781662
102.7122155	100.3535154	90.45150393
102.7033806	100.3041123	90.45534036
102.6989338	100.3072942	90.4324981
102.6560445	100.285884	90.37972129
102.7143755	100.2326913	90.37872518
102.6700041	100.2284479	90.36407404
102.6461521	100.2216303	90.30927587
102.6246558	100.1688661	90.30233046
102.6010026	100.1068981	90.29471519
102.5753991	100.0786455	90.23982914
102.5480519	100.0848299	90.22590615
102.5191675	100.0488935	90.22439491
102.4889526	100.0030589	90.17141917
102.4576136	100.0075815	90.14902154
102.4253572	99.98393058	90.15274524
102.39239	99.93085119	90.10727834
102.3589184	99.91983881	90.06548584
102.3251492	99.93875666	90.0728434
102.2912889	99.88056582	90.09335413
102.257544	99.83686261	89.99784354
102.2241211	99.81303195	89.98111954
102.1912268	99.78697758	89.96299125
102.1590677	99.75912481	89.94359593
102.1278504	99.72989893	89.92307089
102.0977813	99.69972525	89.90155341
102.0690672	99.66902906	89.87918077
102.0419145	99.63823566	89.85609027
102.0165299	99.60777034	89.83241919
101.99312	99.57805841	89.80830481
101.9718912	99.54952517	89.78388444
101.9512442	99.52259591	89.75929535
101.9070816	99.49769594	89.73467483
101.9524272	99.47525054	89.71016016
101.883952	99.45568503	89.68588865
101.8753329	99.41514478	89.66199757
101.8673741	99.43059993	89.63862421
101.8117098	99.43607329	89.61590585
101.8027797	99.40402302	89.5939798
101.796803	99.40996113	89.57298332
101.742077	99.38037115	89.55305372
101.7267503	99.33061863	89.53432827
101.7261841	99.3333492	89.51694427
101.673487	99.31262444	89.501039
101.6506657	99.2591922	89.48674976
101.6543857	99.25706454	89.43711493
101.6055508	99.24394394	89.46833818
101.5748527	99.1890107	89.45335529
101.5811186	99.18035598	89.39786954
101.5391594	99.17470928	89.40456426
101.4982128	99.12092145	89.37725248
101.5029487	99.09991749	89.32555404
101.4919163	99.10559976	89.32044333
101.4616824	99.08349478	89.33638066
101.4373357	99.05459717	89.32962767
101.4159824	99.03200696	89.27803106
101.3902735	99.00848615	89.25031811
101.3609305	98.98377885	89.25601185
101.355989	98.95985419	89.21381967
101.3561214	98.93752885	89.17288616
101.3073672	98.91019738	89.17744516
101.2755865	98.88387469	89.16786095
101.2821459	98.88579717	89.13553376
101.2408324	98.87580548	89.10740881
101.200633	98.82162803	89.10719478
101.2075312	98.8045722	89.10246486
101.1732886	98.80548095	89.05035457
101.1269523	98.75401017	89.02532243
101.1321848	98.72825296	89.03012568
101.1055261	98.73317177	88.9861795
101.0544884	98.68629937	88.94517439
101.05591	98.65266895	88.94995768
101.0380467	98.65938911	88.96385261
100.9840083	98.62002246	88.94413147
100.974321	98.57660451	88.89003306
100.9768157	98.58019668	88.8774509
100.9507541	98.57223013	88.87593392
100.9175366	98.54037335	88.82510298
100.9045208	98.51139976	88.79352922
100.9106508	98.50990239	88.8034533
100.8747797	98.50709044	88.81409894
100.8281835	98.45597321	88.78423743
100.8328421	98.42865864	88.73261006
100.8074318	98.43422058	88.72969322
100.7557852	98.3893826	88.71892084
100.7615298	98.35303171	88.66498449
100.7304503	98.35992299	88.64352739
100.6740579	98.32316648	88.6569701
100.7564438	98.27765898	88.66274202
100.7133651	98.28007892	88.62333629
100.6980193	98.27366871	88.57786768
100.6807051	98.24237255	88.58162737
100.6615799	98.21263331	88.5597631
100.6408017	98.20969711	88.50644345
100.6185279	98.20868177	88.49519096
100.5949164	98.1591154	88.50962872
100.5701247	98.12857908	88.5087769
100.5443107	98.13481801	88.46639614
100.5176319	98.09405216	88.42090434
100.490246	98.05172567	88.41914573
100.4623108	98.05569097	88.45573431
100.4339839	98.04809056	88.39005221
100.405423	98.0144155	88.37694686
100.3767858	97.98258553	88.36257042
100.34823	97.99513386	88.34703558
100.3199133	97.94454969	88.33045502
100.2919933	97.93017052	88.31294142
100.2646277	97.91392605	88.29460746
100.2379743	97.89603706	88.27556581
100.2121907	97.87672432	88.25592916
100.1874345	97.8562086	88.23581019
100.1638636	97.83471068	88.21532157
100.1416355	97.81245133	88.19457599
100.1209079	97.78965132	88.17368612
100.1018386	97.76653143	88.15276465
100.0845852	97.74331243	88.13192426
100.0098257	97.72021509	88.11127762
100.0907017	97.6974602	88.09093741
100.097411	97.67526851	88.07101632
100.0474355	97.6538608	88.05162703
100.0044051	97.63345785	88.03288221
100.0034128	97.61428044	88.01489454
99.99925451	97.59654933	87.99777671
99.97059766	97.58048529	87.98164138
99.94068141	97.53494091	87.96660126
99.92916446	97.52363697	87.952769
99.93142981	97.54138241	87.91646679
99.91496838	97.52980836	87.88915681
99.88647256	97.50692159	87.91157732
99.86256165	97.47637599	87.9046491
99.84042796	97.45755796	87.91127245
99.81473958	97.46374812	87.88441528
99.78734809	97.43761789	87.83251348
99.77939859	97.3855356	87.82575339
99.78046444	97.37870245	87.82655474
99.75975926	97.37957996	87.79955424
99.73154346	97.35257498	87.76699627
99.70840957	97.31990507	87.75513632
99.68601464	97.30823551	87.76021648
99.65913304	97.31351232	87.72495447
99.63379574	97.27685322	87.67667758
99.63030786	97.23026225	87.67299962
99.62839778	97.23070094	87.68761812
99.60419378	97.22616669	87.68035818
99.57686887	97.19594815	87.63107582
99.55429418	97.16530943	87.59640981
99.53139227	97.15982322	87.60275591
99.50357917	97.16115945	87.61452337
99.48128003	97.11574311	87.59285434
99.48091472	97.07755183	87.54015487
99.47588945	97.08239284	87.52051225
99.44933314	97.0716945	87.53284874
99.41750082	97.03932704	87.53810787
99.40622225	97.01180696	87.50155496
99.4111885	97.01151226	87.45334112
99.37336956	97.00641151	87.44787257
99.32767785	96.95625837	87.46223071
99.32883367	96.92364238	87.45701568
99.32355437	96.932092	87.40897353
99.2929949	96.94318958	87.37214109
99.26267177	96.91687309	87.37722711
99.25799349	96.86440689	87.38964386
99.25861075	96.85382072	87.37031048
99.21201502	96.85622669	87.31762354
99.17559346	96.83104386	87.29564164
99.18100015	96.79938831	87.30731903
99.17055843	96.78253827	87.31383119
99.19277614	96.78438762	87.27942954
99.20700617	96.77461768	87.23001889
99.13431595	96.74554152	87.22258547
99.11898762	96.71549717	87.23689211
99.10239635	96.71039637	87.23353628
99.08464263	96.71111105	87.18687678
99.06582695	96.66476295	87.14799585
99.04604981	96.62782429	87.15172821
99.02541169	96.63304791	87.16462771
99.00401308	96.62116173	87.14772785
98.98195448	96.5892495	87.09538817
98.95933637	96.56301822	87.07012089
98.93625926	96.55810766	87.08208065
98.91282361	96.55776415	87.09270593
98.88912994	96.53600438	87.04885782
98.86527873	96.50485425	87.00506249
98.84137046	96.48394854	87.04413128
98.81750564	96.48429086	87.00188018
98.79378474	96.47816581	86.99192956
98.77030827	96.45129278	86.98089085
98.74717672	96.42124328	86.96884914
98.72449056	96.4075086	86.95588951
98.7023503	96.40986761	86.94209705
98.68085643	96.39625084	86.92755684
98.66010943	96.36624928	86.91235397
98.6402098	96.33932848	86.89657351
98.62125803	96.33298041	86.88030057
98.6033546	96.3334828	86.86362021
98.58660002	96.31305977	86.84661753
98.57109476	96.28062706	86.8293776
98.55693933	96.2592207	86.81198553
98.5442342	96.26469641	86.79452638
98.51953153	96.24492711	86.77708524
98.60568473	96.19135872	86.7597472
98.58844081	96.17896518	86.74259734
98.53370447	96.18225379	86.72572075
98.50251416	96.15753939	86.70920252
98.50659479	96.12565596	86.69312772
98.49448466	96.10832959	86.67758144
98.46322541	96.11012117	86.66264876
98.43662905	96.10052766	86.64841478
98.43112808	96.07198294	86.63496457
98.43114545	96.04313152	86.62238322
98.40984872	96.0329276	86.61075581
98.37868674	96.03487847	86.60016743
98.35731224	96.01779596	86.55917549
98.35734735	95.98699975	86.58153735
98.35174002	95.96216678	86.5900506
98.32518123	95.95897696	86.54954038
98.29497981	95.95720227	86.52629061
98.28067421	95.93365389	86.50268323
98.28301888	95.90261615	86.48019816
98.26998201	95.88378696	86.47670044
98.24013497	95.88517797	86.48710731
98.21289319	95.87681582	86.4828924
98.20611996	95.84875894	86.43477105
98.20681209	95.81946067	86.39866385
98.18650481	95.8080972	86.40394992
98.15535084	95.81027563	86.41084141
98.13305013	95.79432291	86.4022053
98.13239472	95.76373912	86.37787877
98.12781712	95.73816193	86.34791157
98.10193654	95.7340103	86.33037359
98.07145726	95.73303575	86.33236359
98.05599358	95.71035201	86.32198922
98.05824152	95.6792229	86.29342477
98.04637798	95.65934836	86.26613971
98.0169057	95.66026929	86.25228066
97.9890827	95.65302705	86.25512239
97.9812016	95.6255316	86.26485006
97.98240341	95.59583876	86.24311432
97.96312332	95.58330249	86.19019865
97.93204043	95.58561726	86.17306186
97.90885529	95.57081559	86.18339475
97.90743328	95.54049028	86.18490268
97.90383428	95.51421564	86.16904552
97.87867444	95.50905025	86.14144196
97.84799923	95.50880359	86.11492438
97.83134399	95.48703699	86.10201978
97.83331253	95.45583867	86.10601193
97.82307955	95.43497708	86.11506141
97.7936173	95.43543644	86.08964596
97.76363076	95.42900114	86.03724767
97.76019811	95.40211758	86.023621
97.75981386	95.37356716	86.03414702
97.71604917	95.35681138	86.03451574
97.74917085	95.35709374	86.0174148
97.78802538	95.36756626	85.98945145
97.74810528	95.35410506	85.96352723
97.73506279	95.30173199	85.95193476
97.72059952	95.27619007	85.9569773
97.7048314	95.28518275	85.96511146
97.68787433	95.28912105	85.93588797
97.66984423	95.27660189	85.88451739
97.65085702	95.24998788	85.87506623
97.6310286	95.22084761	85.88356289
97.6104749	95.2087018	85.88228
97.58931182	95.2110577	85.88058831
97.56765528	95.19473379	85.88209977
97.5456212	95.16599601	85.84676658
97.52332548	95.14189839	85.80018835
97.50088404	95.12416202	85.78981107
97.4784128	95.13951257	85.77876354
97.45602767	95.1690461	85.76711647
97.43384456	95.12906332	85.75494055
97.41197939	95.11705781	85.74230651
97.39054807	95.10357141	85.72928504
97.36966652	95.08876841	85.71594685
97.34945064	95.07281307	85.70236264
97.33001636	95.05586967	85.68860312
97.31147959	95.03810249	85.674739
97.29395623	95.0196758	85.66084097
97.27756221	95.00075388	85.64697976
97.26241344	94.98150101	85.63322605
97.24862584	94.96208145	85.61965056
97.23631531	94.94265949	85.606324
97.19608316	94.9233994	85.59331706
97.27632464	94.90446546	85.58070046
97.25188345	94.88602194	85.56854489
97.22571871	94.86823311	85.55692107
97.23284413	94.85126326	85.5458997
97.21364498	94.83527666	85.53555149
97.18084886	94.82043758	85.52594713
97.15894918	94.8069103	85.51715734
97.1584693	94.76728514	85.50925283
97.15374093	94.75268783	85.47686504
97.12786298	94.76522236	85.51092861
97.0973864	94.76010755	85.51406664
97.08197521	94.76219987	85.49535852
97.08427032	94.75095643	85.4692107
97.07210481	94.72249671	85.4397546
97.04292911	94.69394146	85.43383369
97.0159817	94.68432989	85.43468971
97.00469614	94.6861253	85.38900382
97.00787189	94.66816993	85.35055045
97.01158041	94.63793972	85.35522982
97.00170397	94.61377283	85.3572573
96.97551909	94.60702752	85.35881182
96.94588011	94.61166178	85.36389084
96.93195544	94.61331463	85.32735333
96.9343713	94.59880185	85.27994455
96.92046326	94.57037085	85.27783993
96.89082782	94.54262952	85.2829346
96.86463551	94.53460939	85.2820412
96.85474653	94.53582922	85.28992253
96.85845017	94.51626778	85.26555663
96.86162995	94.48593396	85.21290522
96.85036171	94.46275752	85.20069495
96.82341944	94.45730389	85.20821553
96.79421948	94.46220853	85.20645754
96.78208611	94.46307518	85.21385063
96.78439436	94.4471872	85.20183487
96.76871762	94.41823569	85.14945923
96.73875115	94.39131526	85.1236762
96.71338538	94.38498678	85.13279499
96.70487012	94.38537758	85.13677792
96.70902572	94.3642982	85.12405335
96.7116005	94.33397102	85.09749334
96.69892827	94.31185313	85.06909686
96.67130148	94.30763532	85.05515496
96.64267002	94.31273368	85.05708573
96.63227517	94.3127365	85.05616787
96.63426572	94.29550163	85.0596006
96.61712434	94.2661068	85.06410312
96.58637014	94.24012362	85.02615121
96.56161224	94.23540428	84.97966749
96.55801961	94.23476098	84.97841065
96.55696624	94.21227834	84.98317259
96.55065913	94.18205702	84.98247426
96.5833189	94.16106411	84.99023193
96.52045172	94.15799766	84.96458489
96.50980572	94.16327072	84.91222893
96.49827265	94.16232391	84.90118686
96.48591811	94.14348758	84.90851721
96.47280771	94.11437321	84.90675731
96.45900703	94.08977366	84.91441133
96.44458167	94.08246368	84.90105884
96.42959724	94.08705218	84.84817211
96.41411932	94.08891113	84.82505273
96.39821352	94.07500205	84.83301855
96.38194543	94.0465896	84.83194271
96.36538065	94.01804502	84.83739499
96.34858477	94.01154859	84.83440621
96.3316234	94.01200089	84.78597119
96.31456213	93.98388881	84.75131879
96.29746655	93.97755813	84.75690488
96.28040226	93.95644203	84.75409092
96.26343487	93.92857092	84.76426879
96.24662996	93.91839285	84.77500674
96.23005313	93.90729906	84.75309458
96.21376999	93.89538582	84.74550482
96.19784612	93.88274943	84.73697474
96.18234713	93.86948617	84.72759789
96.16733861	93.85569234	84.7174678
96.15288615	93.84146421	84.70667801
96.13905537	93.82689809	84.69532206
96.12591184	93.81209025	84.68349349
96.11352117	93.79713698	84.67128584
96.10194896	93.78213458	84.65879265
96.0912608	93.76717933	84.64610745
96.08152229	93.75236752	84.63332379
96.07279903	93.73779544	84.62053521
96.05289062	93.72355937	84.60783524
96.1176623	93.70975561	84.59531742
96.08598483	93.69648044	84.58307529
96.04521334	93.68383015	84.57120239
96.03398562	93.67190103	84.55979227
96.03712576	93.66078937	84.54893845
96.02003167	93.65059145	84.53873448
95.99620151	93.64140357	84.4939235
95.99809412	93.6072232	84.45914027
95.98665705	93.630286	84.45723945
95.96029868	93.64678765	84.4576319
95.95992181	93.63066165	84.4565834
95.95242316	93.60660659	84.46512235
95.9250547	93.57882036	84.45242219
95.92165586	93.55981242	84.39983644
95.91785433	93.55919015	84.37521725
95.89058551	93.56461787	84.38340411
95.88240748	93.56104812	84.38381929
95.88324467	93.53939614	84.38438486
95.86081869	93.51002568	84.38393892
95.83028742	93.4876838	84.36477622
95.80941021	93.48337917	84.33489879
95.80638195	93.48860827	84.31091183
95.81163074	93.48859652	84.30604535
95.81067372	93.47103242	84.30813071
95.79181761	93.44217571	84.30674988
95.76270327	93.41675787	84.31480939
95.73812042	93.40806065	84.3044612
95.73079774	93.41232634	84.25249158
95.73544493	93.41495409	84.22538129
95.73737076	93.40198795	84.2332082
95.72299227	93.37453286	84.2340897
95.69502295	93.34691471	84.23436285
95.66797461	93.33352229	84.23446814
95.65600139	93.33594724	84.21623655
95.65907268	93.34033623	84.18649568
95.66302411	93.3320556	84.16183942
95.6533494	93.30688032	84.15608043
95.62739563	93.27794	84.15833628
95.59876247	93.25997879	84.15682079
95.58213426	93.25968486	84.16454944
95.58274831	93.264957	84.15634937
95.58786913	93.26102135	84.10520097
95.5826576	93.23900388	84.07564015
95.55953782	93.20961997	84.08296742
95.53047678	93.1876433	84.08435685
95.50939998	93.1837514	84.0843476
95.50563578	93.18903383	84.08494778
95.51438639	93.18870449	84.06764425
95.5121786	93.17066447	84.03813578
95.47674353	93.14177079	84.01289632
95.48572108	93.11667349	84.00581517
95.49781806	93.10804697	84.00873705
95.46578707	93.11298425	84.00820776
95.45676141	93.11645781	84.0104687
95.44688444	93.0979354	84.00836166
95.43622136	93.07435769	83.98735054
95.42483736	93.07605149	83.95741081
95.41279763	93.06511835	83.93487595
95.40016734	93.03855584	83.93168947
95.3870117	93.03795375	83.93334383
95.37339589	93.03051447	83.93237916
95.35938511	93.00283611	83.94087292
95.34504453	93.00263444	83.92590323
95.33043935	92.99300216	83.87289994
95.31563476	92.95795997	83.85079527
95.30069594	93.00241341	83.85923148
95.28568809	92.99893108	83.85921061
95.2706764	92.99083774	83.8601087
95.25572605	92.98150153	83.85901799
95.24090223	92.9710258	83.83877387
95.22627013	92.95951388	83.80925216
95.21189494	92.94706911	83.78597665
95.19784186	92.93379482	83.77960107
95.18417606	92.91979437	83.78639891
95.17096274	92.90517108	83.78844275
95.15826708	92.8900283	83.78062583
95.14615428	92.87446935	83.77527062
95.13468953	92.85859759	83.76883213
95.12393801	92.84251634	83.7614507
95.11396491	92.82632895	83.75326666
95.10483542	92.81013876	83.74442032
95.08289325	92.7940491	83.73505203
95.07782643	92.7781633	83.72530211
95.09618929	92.76258472	83.71531089
95.06029539	92.74741669	83.68746304
95.05414528	92.73276254	83.63949062
95.06340625	92.71872562	83.62827581
95.06157243	92.70540925	83.63511009
95.04227959	92.69291679	83.63501613
95.0134773	92.68135157	83.63164754
94.98887012	92.67081692	83.63494167
94.98152221	92.64830213	83.64162523
94.98620123	92.63989217	83.6092759
94.98811959	92.67458378	83.55926659
94.97368811	92.66262102	83.55291013
94.94574019	92.63978947	83.56130436
94.91879003	92.61289305	83.55953232
94.90650934	92.5893605	83.55634457
94.90974987	92.58399018	83.56217499
94.91511934	92.58929712	83.56469736
94.90162795	92.58984607	83.52343513
94.8753299	92.57309291	83.47946909
94.87292657	92.54449882	83.48004948
94.86859935	92.5186491	83.48665136
94.84175947	92.50867428	83.48375921
94.83033079	92.51303125	83.4815492
94.83622338	92.51730198	83.48940302
94.83864895	92.50066455	83.48570734
94.82488686	92.47580759	83.43749347
94.79733914	92.47594254	83.40184992
94.76993103	92.46830957	83.40731642
94.75701416	92.44122671	83.4116159
94.75968341	92.43296553	83.40801162
94.76393641	92.43940404	83.40718784
94.75514524	92.44041613	83.41624731
94.72967915	92.42436377	83.40433451
94.7009452	92.39609776	83.35205521
94.68327109	92.3697876	83.32608167
94.68308963	92.35887695	83.33430776
94.68972595	92.36281811	83.33591046
94.68375966	92.36756989	83.33317045
94.65697594	92.35216802	83.33383362
94.64669193	92.32665039	83.3372336
94.64828054	92.32585004	83.3291908
94.62499229	92.31956992	83.30365257
94.6061011	92.29249658	83.27442318
94.60930703	92.28298542	83.25748427
94.61436706	92.28924611	83.25812961
94.60613694	92.29084508	83.25940023
94.581271	92.27568593	83.25948205
94.5521698	92.24768862	83.261983
94.53398538	92.22095358	83.25040153
94.53374601	92.20912145	83.22282195
94.53723404	92.21261079	83.19470132
94.53533488	92.21778645	83.18173986
94.53112016	92.20364374	83.18390666
94.54448524	92.17758055	83.18426435
94.50825337	92.1757409	83.18520802
94.49101269	92.17077224	83.18646821
94.48268093	92.14382728	83.17089498
94.47374332	92.13301472	83.14194354
94.4642499	92.13909709	83.11559824
94.45425067	92.14133892	83.10661786
94.44379566	92.12664085	83.1094886
94.43293489	92.09935117	83.10915768
94.42171837	92.07377816	83.1110187
94.41019613	92.05563024	83.11021995
94.39841819	92.06068566	83.0908887
94.38643456	92.09070111	83.06113862
94.37429527	92.06064712	83.0371743
94.36205034	92.0534683	83.03216471
94.34974978	92.04549936	83.03456035
94.33744362	92.03680717	83.03349887
94.32518187	92.02745859	83.03926979
94.31301456	92.01752048	83.03166707
94.30099171	92.0070597	82.98631495
94.28916334	91.99614312	82.95537012
94.27757946	91.98483759	82.94782699
94.26629009	91.97320998	82.94038461
94.25534526	91.96132714	82.93310182
94.24479499	91.94925594	82.92603747
94.23468929	91.93706325	82.91925039
94.22507819	91.92481591	82.91279942
94.21601171	91.9125808	82.9067434
94.20753986	91.90042477	82.90114118
94.19971266	91.88841469	82.89605159
94.15064506	91.87661742	82.89153347
94.16365232	91.86509981	82.88764566
94.16162977	91.85392874	82.88323916
94.16353078	91.84317106	82.88008313
94.15848788	91.83289362	82.88810256
94.13154802	91.82316331	82.8853269
94.12225627	91.81404697	82.86502107
94.12327836	91.80561146	82.83580653
94.09921091	91.76770339	82.81211557
94.08117516	91.76056555	82.8069582
94.0850736	91.76668181	82.81034726
94.09123966	91.76237572	82.81017268
94.07861183	91.7623282	82.80881131
94.0520067	91.76610832	82.81019722
94.04848697	91.76151038	82.81248685
94.04536489	91.73848923	82.79966628
94.0188759	91.70876402	82.77175277
94.00582556	91.68820507	82.74403781
94.011847	91.68651756	82.73207906
94.01594668	91.68867356	82.73450677
93.99834308	91.68819231	82.73465911
93.97398044	91.69112041	82.73584287
93.97459406	91.68344488	82.73665802
93.96619387	91.6578384	82.72007179
93.93915862	91.62856206	82.69090528
93.93156763	91.61167491	82.66515297
93.93806282	91.61233039	82.65687591
93.93873848	91.61359047	82.66011696
93.92232098	91.61367875	82.6605396
93.89376785	91.61617494	82.65910788
93.86743481	91.60456942	82.65975489
93.8584014	91.5769801	82.66285093
93.861301	91.54886815	82.65345389
93.86096976	91.53593029	82.62708355
93.86283297	91.53810364	82.59820243
93.86201995	91.53845639	82.58275697
93.84265182	91.53940555	82.58408118
93.81293969	91.540656	82.58499138
93.78900008	91.52505965	82.58538156
93.78377533	91.49610191	82.5875095
93.78659704	91.46976882	82.57437742
93.78596439	91.46081175	82.54621967
93.78857448	91.46368396	82.51877209
93.78488467	91.46334903	82.50710413
93.76223281	91.4652188	82.50972725
93.7323814	91.46440411	82.51085663
93.71144999	91.4450354	82.50946154
93.70943083	91.4153238	82.50947598
93.71166723	91.39138411	82.51284772
93.71114748	91.38615929	82.5067051
93.71410652	91.38898104	82.48231792
93.7068255	91.38834838	82.45284466
93.68147054	91.3909585	82.43394167
93.65249737	91.38726865	82.43323517
93.63450966	91.36461668	82.43627988
93.63401919	91.33476575	82.4351013
93.64066259	91.313834	82.4327638
93.63524519	91.31181293	82.439598
93.60860506	91.31405513	82.43847933
93.59763635	91.31353444	82.39251516
93.59952439	91.31646466	82.35367877
93.57678514	91.30924749	82.35763845
93.55708739	91.28392347	82.36240652
93.55998079	91.2545478	82.35964895
93.56670719	91.23719703	82.35917899
93.55595097	91.23761254	82.36265657
93.5289721	91.23898665	82.35935795
93.52370437	91.23898555	82.33740783
93.52209213	91.24157543	82.30768842
93.49599018	91.2304619	82.28589491
93.48242593	91.2030772	82.28285224
93.48664987	91.17476352	82.28603956
93.4866123	91.16141354	82.28550897
93.48802323	91.16345205	82.28427716
93.4875858	91.16350265	82.28621427
93.46869487	91.16512919	82.28756894
93.43899601	91.16721117	82.2722592
93.41473107	91.14658274	82.24354194
93.40918816	91.12525669	82.21701766
93.41186235	91.12792674	82.2073039
93.41102422	91.11470429	82.21035656
93.41499954	91.08867736	82.21106663
93.41006408	91.08479792	82.20963456
93.38335408	91.09262199	82.21000032
93.37287757	91.09062362	82.21327587
93.37451951	91.06565768	82.20527953
93.35130476	91.04991444	82.17969566
93.33216109	91.05307491	82.15054161
93.33541384	91.03391918	82.13352058
93.3419566	91.01141066	82.13402734
93.33056541	91.01232796	82.13633793
93.30369388	91.01455035	82.13523225
93.29898181	91.01424754	82.13448361
93.29695358	91.01670796	82.13744653
93.27085533	91.00517108	82.13571509
93.25668357	90.97754263	82.11537194
93.26216301	90.94940603	82.08569567
93.26646281	90.93657643	82.06244591
93.25134689	90.93875115	82.05779335
93.22575755	90.93869468	82.06113046
93.21958535	90.94049004	82.06087844
93.21805377	90.94226431	82.05953817
93.20996527	90.92108429	82.06104692
93.20187677	90.90034167	82.06317714
93.19378827	90.90317928	82.04975976
93.18569976	90.88930754	82.02171777
93.17761126	90.86347895	81.99447519
93.16952276	90.85989261	81.98216532
93.16143425	90.86863655	81.95990031
93.15334575	90.86576824	81.94012408
93.14525725	90.83638844	81.92034785
93.13716874	90.83208235	81.90057162
93.12908024	90.86148053	81.8807954
93.12099174	90.85754597	81.86101917
93.11290324	90.85361142	81.84124294
93.10481473	90.84967687	81.82146671
93.09672623	90.84574231	81.80169049
93.08863773	90.84180776	81.78191426
93.08054922	90.8378732	81.76213803
93.07246072	90.83393865	81.7423618
93.06437222	90.83000409	81.72258558
93.05628372	90.82606954	81.70280935
93.04819521	90.82213499	81.68303312
93.04010671	90.81820043	81.66325689
93.03201821	90.81426588	81.64348067
93.03201821	90.81033132	81.62370444
93.03201821	106.0484536	92.44090387
93.03201821	117.3616653	102.3024669
93.03201821	126.112954	109.9308388
138.2302005	133.3477204	116.23728
144.6759311	139.565779	121.6574718
150.3594273	145.0485264	126.4367034
155.4626162	149.9714636	130.7279567
160.1072756	154.4520673	134.6336341
164.3792702	158.5731692	138.2259391
168.3416074	162.3955512	141.5578542
172.0420082	165.9652487	144.6695079
175.5175571	169.3180365	147.5920846
178.7976948	172.4823152	150.3503406
181.906217	175.4810402	152.9642858
184.8626554	178.3330532	155.4503443
187.6832556	181.0540259	157.8221769
190.3816881	183.657146	160.091279
192.9695744	186.1536247	162.2674234
195.4568845	188.5530795	164.3589935
197.8522409	190.8638287	166.3732401
200.1631557	193.0931188	168.3164801
202.3962165	195.2473048	170.1942529
204.5572353	197.3319935	172.0114459
206.6513675	199.3521581	173.7723942
208.6832094	201.3122326	175.4809627
210.6568776	203.216188	177.1406132
212.5760745	205.0675963	178.754459
214.4441436	206.8696827	180.3253116
216.2641151	208.6253702	181.8557191
218.0387444	210.3373172	183.3479985
219.7705453	212.0079486	184.8042637
221.4618179	213.6394831	186.2264488
223.1146724	215.2339565	187.6163282
224.7310502	216.7932416	188.9755345
226.3127416	218.3190655	190.3055731
227.8614012	219.8130244	191.6078355
229.3785621	221.276597	192.8836106
230.865647	222.711156	194.1340949
232.3239794	224.1179781	195.3604014
233.7547924	225.4982529	196.563567
235.1592371	226.8530907	197.7445595
236.5383899	228.1835299	198.9042842
237.8932587	229.4905429	200.0435885
239.2247889	230.7750416	201.1632674
240.5338685	232.0378828	202.2640678
241.8213329	233.2798721	203.346692
243.0879688	234.5017687	204.4118015
244.3345181	235.7042882	205.4600204
245.5616814	236.8881063	206.4919376
246.7701209	238.0538621	207.50811
247.9604633	239.20216	208.5090647
249.1333025	240.3335729	209.495301
250.2892015	241.448644	210.4672923
251.4286949	242.5478889	211.4254882
252.5522907	243.6317978	212.3703159
253.660472	244.7008366	213.3021816
254.7536989	245.7554492	214.2214722
255.8324094	246.7960582	215.128556
256.8970215	247.8230668	216.0237845
257.9479341	248.8368596	216.9074931
258.9855279	249.8378042	217.780002
260.010167	250.8262517	218.6416174
261.0221997	251.802538	219.492632
262.0219592	252.7669846	220.3333262
263.0097648	253.7198996	221.1639684
263.9859225	254.6615781	221.9848159
264.9507257	255.5923031	222.7961155
265.9044561	256.5123464	223.5981039
266.8473839	257.4219687	224.3910086
267.7797692	258.3214208	225.175048
268.7018615	259.2109436	225.9504321
269.6139012	260.0907689	226.717363
270.5161195	260.9611196	227.4760352
271.408739	261.8222105	228.2266357
272.2919742	262.6742486	228.969345
273.1660318	263.5174333	229.7043369
274.0311112	264.3519569	230.4317791
274.8874046	265.1780049	231.1518331
275.7350978	265.9957563	231.8646553
276.5743699	266.8053842	232.5703962
277.4053942	267.6070556	233.2692015
278.228338	268.4009319	233.961212
279.0433631	269.1871692	234.6465637
279.850626	269.9659185	235.3253882
280.6502782	270.7373259	235.9978129
281.4424664	271.5015329	236.6639611
282.2273324	272.2586764	237.3239521
283.0050138	273.008889	237.9779016
283.7756439	273.7522994	238.6259217
284.5393518	274.4890321	239.268121
285.2962629	275.2192081	239.9046048
286.0464987	275.9429445	240.5354754
286.7901771	276.6603551	241.1608319
287.5274126	277.3715505	241.7807705
288.2583163	278.0766377	242.3953849
288.9829963	278.7757209	243.0047656
289.7015573	279.4689014	243.609001
290.4141014	280.1562774	244.2081768
291.1207276	280.8379447	244.8023763
291.8215323	281.513996	245.3916804
292.5166093	282.1845219	245.9761682
293.2060497	282.8496104	246.5559162
293.8899424	283.509347	247.130999
294.5683736	284.163815	247.7014894
295.2414275	284.8130958	248.267458
295.9091861	285.4572682	248.8289738
296.5717291	286.0964093	249.3861039
297.2291344	286.7305942	249.9389136
297.8814778	287.3598958	250.4874668
298.528833	287.9843857	251.0318255
299.1712723	288.6041331	251.5720504
299.8088659	289.219206	252.1082006
300.4416823	289.8296704	252.6403336
301.0697884	290.435591	253.1685058
301.6932495	291.0370306	253.6927721
302.3121294	291.6340508	254.2131859
302.9264903	292.2267116	254.7297998
303.5363928	292.8150716	255.2426646
304.1418964	293.399188	255.7518304
304.7430591	293.9791167	256.257346
305.3399374	294.5549125	256.7592588
305.9325868	295.1266287	257.2576155
306.5210613	295.6943175	257.7524616
307.1054138	296.2580299	258.2438416
307.6856962	296.8178158	258.7317989
308.2619589	297.3737241	259.2163762
308.8342514	297.9258025	259.6976149
309.4026222	298.4740977	260.1755559
309.9671186	299.0186553	260.6502389
310.527787	299.5595201	261.1217029
311.0846727	300.0967359	261.5899861
311.6378202	300.6303454	262.0551259
312.1872729	301.1603908	262.5171587
312.7330735	301.6869129	262.9761205
313.2752637	302.2099522	263.4320462
313.8138842	302.7295479	263.8849703
314.3489752	303.2457387	264.3349264
314.8805758	303.7585624	264.7819474
315.4087245	304.2680562	265.2260657
315.9334589	304.7742563	265.6673131
316.454816	305.2771984	266.1057204
316.972832	305.7769173	266.5413182
317.4875424	306.2734474	266.9741363
317.9989819	306.7668222	267.4042039
318.5071847	307.2570746	267.8315499
319.0121844	307.744237	268.2562023
319.5140137	308.228341	268.6781887
320.0127048	308.7094177	269.0975363
320.5082895	309.1874976	269.5142717
321.0007987	309.6626107	269.9284209
321.4902629	310.1347863	270.3400096
321.976712	310.6040534	270.7490629
322.4601753	311.0704401	271.1556055
322.9406818	311.5339744	271.5596616
323.4182596	311.9946835	271.9612551
323.8929366	312.4525943	272.3604093
324.36474	312.907733	272.7571471
324.8336968	313.3601256	273.1514912
325.2998331	313.8097974	273.5434636
325.763175	314.2567734	273.9330861
326.2237479	314.7010781	274.3203801
326.6815766	315.1427358	274.7053667
327.1366858	315.5817699	275.0880664
327.5890997	316.0182039	275.4684996
328.0388419	316.4520606	275.8466863
328.4859358	316.8833626	276.2226459
328.9304044	317.3121318	276.5963979
329.37227	317.7383902	276.9679612
329.8115551	318.1621591	277.3373544
330.2482812	318.5834595	277.7045958
330.68247	319.0023121	278.0697036
331.1141425	319.4187373	278.4326954
331.5433194	319.8327551	278.7935887
331.9700211	320.2443852	279.1524007
332.3942678	320.6536469	279.5091483
332.8160793	321.0605594	279.863848
333.2354749	321.4651413	280.2165162
333.6524738	321.8674113	280.5671691
334.0670948	322.2673874	280.9158225
334.4793566	322.6650875	281.2624919
334.8892773	323.0605292	281.6071928
335.296875	323.45373	281.9499402
335.7021672	323.8447067	282.290749
336.1051715	324.2334764	282.6296339
336.505905	324.6200554	282.9666092
336.9043846	325.0044601	283.3016893
337.3006269	325.3867066	283.634888
337.6946483	325.7668106	283.9662192
338.0864649	326.1447878	284.2956964
338.4760927	326.5206534	284.623333
338.8635473	326.8944226	284.9491422
339.2488442	327.2661102	285.273137
339.6319985	327.635731	285.59533
340.0130252	328.0032993	285.915734
340.3919391	328.3688294	286.2343613
340.7687547	328.7323354	286.5512242
341.1434864	329.0938311	286.8663348
341.5161482	329.45333	287.1797048
341.8867542	329.8108457	287.4913461
342.2553181	330.1663913	287.8012701
342.6218533	330.51998	288.1094882
342.9863732	330.8716246	288.4160117
343.348891	331.2213378	288.7208517
343.7094197	331.5691321	289.0240189
344.067972	331.9150198	289.3255242
344.4245605	332.2590131	289.6253782
344.7791977	332.601124	289.9235914
345.1318958	332.9413644	290.220174
345.4826669	333.2797458	290.5151362
345.831523	333.6162798	290.808488
346.1784759	333.9509778	291.1002394
346.523537	334.283851	291.3904001
346.866718	334.6149103	291.6789797
347.20803	334.9441667	291.9659878
347.5474842	335.2716309	292.2514336
347.8850917	335.5973136	292.5353265
348.2208632	335.9212253	292.8176756
348.5548095	336.2433761	293.0984898
348.8869411	336.5637764	293.3777781
349.2172685	336.8824361	293.6555492
349.5458019	337.1993653	293.9318118
349.8725516	337.5145737	294.2065744
350.1975274	337.8280709	294.4798454
350.5207394	338.1398666	294.7516332
350.8421972	338.4499701	295.0219459
351.1619105	338.7583908	295.2907917
351.4798889	339.0651377	295.5581786
351.7961417	339.37022	295.8241145
352.1106782	339.6736467	296.0886071
352.4235076	339.9754265	296.3516642
352.7346388	340.2755681	296.6132933
353.0440809	340.5740803	296.873502
353.3518426	340.8709714	297.1322978
353.6579326	341.1662499	297.3896878
353.9623596	341.4599241	297.6456793
354.265132	341.7520022	297.9002795
354.5662582	342.0424922	298.1534955
354.8657465	342.3314021	298.4053341
355.163605	342.6187399	298.6558023
355.4598419	342.9045133	298.9049068
355.7544652	343.18873	299.1526545
356.0474826	343.4713977	299.3990518
356.338902	343.7525238	299.6441053
356.6287311	344.0321157	299.8878215
356.9169775	344.3101808	300.1302069
357.2036486	344.5867264	300.3712676
357.488752	344.8617595	300.61101
357.7722949	345.1352873	300.8494402
358.0542846	345.4073167	301.0865644
358.3347282	345.6778546	301.3223884
358.6136328	345.946908	301.5569183
358.8910054	346.2144834	301.7901599
359.1668529	346.4805875	302.022119
359.4411821	346.7452271	302.2528015
359.7139997	347.0084084	302.4822129
359.9853125	347.270138	302.7103588
360.255127	347.5304223	302.9372448
360.5234497	347.7892675	303.1628764
360.790287	348.0466798	303.387259
361.0556453	348.3026653	303.6103979
361.319531	348.5572301	303.8322984
361.5819502	348.8103803	304.0529657
361.842909	349.0621217	304.272405
362.1024135	349.3124601	304.4906215
362.3604697	349.5614015	304.70762
362.6170837	349.8089515	304.9234058
362.8722611	350.0551157	305.1379836
363.1260079	350.2998998	305.3513583
363.3783297	350.5433092	305.5635348
363.6292323	350.7853496	305.7745179
363.8787211	351.0260262	305.9843122
364.1268019	351.2653444	306.1929224
364.37348	351.5033095	306.4003532
364.618761	351.7399268	306.606609
364.86265	351.9752013	306.8116944
365.1051525	352.2091383	307.0156139
365.3462736	352.4417427	307.2183718
365.5860187	352.6730196	307.4199726
365.8243927	352.9029739	307.6204204
366.0614007	353.1316105	307.8197196
366.2970478	353.3589342	308.0178744
366.5313389	353.5849499	308.214889
366.764279	353.8096622	308.4107674
366.9958728	354.0330758	308.6055138
367.2261252	354.2551953	308.7991322
367.4550409	354.4760254	308.9916266
367.6826245	354.6955705	309.1830009
367.9088809	354.9138351	309.3732591
368.1338144	355.1308237	309.5624049
368.3574297	355.3465406	309.7504422
368.5797313	355.5609902	309.9373748
368.8007236	355.7741767	310.1232064
369.0204109	355.9861044	310.3079407
369.2387977	356.1967775	310.4915814
369.4558883	356.4062001	310.674132
369.6716868	356.6143763	310.8555962
369.8861975	356.8213103	311.0359775
370.0994246	357.0270059	311.2152794
370.3113722	357.2314672	311.3935054
370.5220443	357.4346981	311.5706588
370.731445	357.6367025	311.7467431
370.9395783	357.8374842	311.9217617
371.1464481	358.0370471	312.0957177
371.3520583	358.2353948	312.2686146
371.5564128	358.4325313	312.4404556
371.7595154	358.62846	312.6112438
371.9613699	358.8231847	312.7809825
372.1619799	359.0167089	312.9496748
372.3613494	359.2090363	313.1173239
372.5594817	359.4001704	313.2839327
372.7563807	359.5901147	313.4495043
372.9520499	359.7788725	313.6140418
373.1464928	359.9664474	313.7775481
373.3397129	360.1528428	313.9400263
373.5317138	360.3380619	314.1014791
373.7224987	360.5221081	314.2619095
373.9120713	360.7049846	314.4213204
374.1004347	360.8866948	314.5797145
374.2875924	361.0672418	314.7370947
374.4735475	361.2466288	314.8934637
374.6583035	361.4248589	315.0488244
374.8418635	361.6019353	315.2031793
375.0242307	361.777861	315.3565312
375.2054082	361.9526391	315.5088827
375.3853992	362.1262726	315.6602365
375.5642067	362.2987644	315.8105951
375.7418339	362.4701175	315.9599612
375.9182837	362.6403349	316.1083372
376.0935592	362.8094194	316.2557257
376.2676632	362.9773739	316.4021292
376.4405988	363.1442011	316.5475501
376.6123688	363.309904	316.6919909
376.7829762	363.4744852	316.835454
376.9524236	363.6379476	316.9779418
377.1207141	363.8002938	317.1194566
377.2878502	363.9615265	317.2600008
377.4538349	364.1216483	317.3995767
377.6186707	364.2806619	317.5381865
377.7823605	364.4385699	317.6758327
377.9449068	364.5953749	317.8125173
378.1063123	364.7510793	317.9482426
378.2665796	364.9056858	318.0830108
378.4257113	365.0591967	318.2168241
378.58371	365.2116147	318.3496846
378.7405781	365.362942	318.4815945
378.8963183	365.5131812	318.6125558
379.0509328	365.6623346	318.7425706
379.2044243	365.8104045	318.871641
379.3567951	365.9573933	318.9997691
379.5080476	366.1033034	319.1269568
379.6581841	366.2481369	319.2532061
379.8072072	366.3918963	319.378519
379.9551189	366.5345836	319.5028975
380.1019217	366.6762011	319.6263434
380.2476179	366.8167511	319.7488588
380.3922096	366.9562356	319.8704454
380.5356991	367.0946568	319.9911052
380.6780886	367.2320169	320.11084
380.8193802	367.3683179	320.2296517
380.9595761	367.503562	320.3475419
381.0986785	367.6377511	320.4645126
381.2366895	367.7708873	320.5805656
381.3736111	367.9029726	320.6957024
381.5094453	368.0340091	320.809925
381.6441943	368.1639985	320.9232349
381.7778601	368.292943	321.035634
381.9104446	368.4208444	321.1471238
382.0419498	368.5477047	321.257706
382.1723776	368.6735256	321.3673823
382.30173	368.7983092	321.4761543
382.430009	368.9220571	321.5840236
382.5572163	369.0447713	321.6909918
382.6833538	369.1664535	321.7970604
382.8084235	369.2871055	321.902231
382.932427	369.4067291	322.0065052
383.0553663	369.525326	322.1098844
383.1772431	369.6428979	322.2123701
383.2980591	369.7594465	322.3139639
383.4178161	369.8749736	322.4146671
383.5365159	369.9894807	322.5144813
383.6541601	370.1029695	322.6134079
383.7707504	370.2154417	322.7114483
383.8862884	370.3268988	322.8086038
384.0007759	370.4373424	322.9048759
384.1142145	370.5467742	323.000266
384.2266057	370.6551956	323.0947754
384.3379511	370.7626081	323.1884053
384.4482524	370.8690134	323.2811573
384.557511	370.9744129	323.3730325
384.6657285	371.078808	323.4640322
384.7729065	371.1822003	323.5541577
384.8790463	371.2845911	323.6434104
384.9841496	371.385982	323.7317913
385.0882177	371.4863742	323.8193018
385.1912521	371.5857693	323.9059431
385.2932542	371.6841686	323.9917163
385.3942254	371.7815734	324.0766226
385.4941672	371.8779851	324.1606633
385.5930808	371.973405	324.2438394
385.6909678	372.0678344	324.3261522
385.7878293	372.1612746	324.4076027
385.8836667	372.2537269	324.488192
385.9784813	372.3451926	324.5679213
386.0722745	372.4356728	324.6467916
386.1650474	372.5251689	324.7248041
386.2568014	372.613682	324.8019597
386.3475377	372.7012133	324.8782595
386.4372574	372.7877641	324.9537045
386.5259619	372.8733354	325.0282958
386.6136523	372.9579284	325.1020343
386.7003298	373.0415444	325.1749211
386.7859955	373.1241843	325.2469571
386.8706507	373.2058493	325.3181433
386.9542963	373.2865404	325.3884806
387.0369336	373.3662588	325.45797
387.1185636	373.4450056	325.5266124
387.1991874	373.5227816	325.5944087
387.2788061	373.5995881	325.6613598
387.3574208	373.675426	325.7274666
387.4350324	373.7502963	325.7927299
387.511642	373.8241999	325.8571507
387.5872507	373.897138	325.9207297
387.6618593	373.9691113	325.9834678
387.7354689	374.040121	326.0453659
387.8080805	374.1101678	326.1064247
387.8796949	374.1792527	326.166645
387.9503132	374.2473766	326.2260277
388.0199362	374.3145405	326.2845734
388.0885649	374.3807451	326.342283
388.1562001	374.4459913	326.3991572
388.2228428	374.5102801	326.4551968
388.2884937	374.5736121	326.5104024
388.3531538	374.6359883	326.5647749
388.4168238	374.6974094	326.6183148
388.4795046	374.7578763	326.6710228
388.541197	374.8173897	326.7228998
388.6019019	374.8759503	326.7739462
388.6616199	374.933559	326.8241629
388.7203518	374.9902164	326.8735504
388.7780984	375.0459233	326.9221093
388.8348605	375.1006805	326.9698403
388.8906387	375.1544885	327.016744
388.9454338	375.2073482	327.062821
388.9992464	375.2592601	327.1080719
389.0520773	375.3102249	327.1524972
389.1039272	375.3602434	327.1960975
389.1547966	375.409316	327.2388734
389.2046862	375.4574435	327.2808255
389.2535968	375.5046264	327.3219541
389.3015288	375.5508654	327.36226
389.3484828	375.596161	327.4017435
389.3944596	375.6405138	327.4404052
389.4394597	375.6839244	327.4782456
389.4834835	375.7263933	327.5152651
389.5265318	375.767921	327.5514642
389.568605	375.8085081	327.5868434
389.6097036	375.8481551	327.6214031
389.6498282	375.8868625	327.6551438
389.6889793	375.9246307	327.6880658
389.7271574	375.9614603	327.7201696
389.7643629	375.9973516	327.7514556
389.8005964	376.0323053	327.7819241
389.8358582	376.0663216	327.8115757
389.8701488	376.099401	327.8404105
389.9034686	376.1315439	327.8684291
389.9358181	376.1627508	327.8956317
389.9671977	376.193022	327.9220186
389.9976077	376.2223579	327.9475903
390.0270486	376.2507589	327.972347
390.0555206	376.2782252	327.996289
390.0830242	376.3047574	328.0194167
390.1095597	376.3303556	328.0417303
390.1351274	376.3550202	328.0632301
390.1597277	376.3787516	328.0839164
390.1833608	376.4015499	328.1037894
390.206027	376.4234155	328.1228493
390.2277267	376.4443487	328.1410965
390.24846	376.4643498	328.1585311
390.2682273	376.4834188	328.1751533
390.2870288	376.5015562	328.1909634
390.3048647	376.5187622	328.2059616
390.3217353	376.5350368	328.220148
390.3376407	376.5503804	328.2335228
390.3525811	376.5647932	328.2460862
390.3665568	376.5782752	328.2578383
390.3795679	376.5908268	328.2687793
390.3916146	376.6024479	328.2789093
390.402697	376.6131389	328.2882284
390.4128153	376.6228998	328.2967368
390.4219695	376.6317306	328.3044346
390.4301598	376.6396317	328.3113218
390.4373863	376.6466029	328.3173986
390.4436491	376.6526445	328.3226649
390.4489483	376.6577565	328.327121
390.4532839	376.661939	328.3307668
390.456656	376.6651919	328.3336023
390.4590646	376.6675155	328.3356277
390.4605097	376.6689096	328.3368429
390.4609914	376.6693743	328.337248
