390.4605097
390.4590646
390.456656
390.4532839
390.4489483
390.4436491
390.4373863
390.4301598
390.4219695
390.4128153
390.402697
390.3916146
390.3795679
390.3665568
390.3525811
390.3376407
390.3217353
390.3048647
390.2870288
390.2682273
390.24846
390.2277267
390.206027
390.1833608
390.1597277
390.1351275
390.1095597
390.0830243
390.0555207
390.0270486
389.9976078
389.9671978
389.9358182
389.9034687
389.8701489
389.8358582
389.8005964
389.764363
389.7271575
389.6889794
389.6498283
389.6097037
389.5686051
389.5265319
389.4834837
389.4394598
389.3944598
389.348483
389.3015289
389.253597
389.2046865
389.1547968
389.1039274
389.0520776
388.9992467
388.9454341
388.890639
388.8348608
388.7780988
388.7203521
388.6616202
388.6019023
388.5411975
388.479505
388.4168242
388.3531542
388.2884942
388.2228433
388.1562007
388.0885655
388.0199368
387.9503138
387.8796956
387.8080811
387.7354696
387.66186
387.5872514
387.5116428
387.4350332
387.3574216
387.278807
387.1991883
387.1185645
387.0369345
386.9542973
386.8706517
386.7859966
386.7003309
386.6136535
386.5259631
386.4372586
386.3475389
386.2568027
386.1650487
386.0722758
385.9784827
385.8836681
385.7878308
385.6909693
385.5930824
385.4941688
385.3942271
385.2932559
385.1912539
385.0882195
384.9841515
384.8790483
384.7729085
384.6657306
384.5575131
384.4482546
384.3379534
384.226608
384.1142168
384.0007783
383.8862909
383.7707529
383.6541627
383.5365186
383.4178189
383.2980619
383.1772459
383.0553693
382.9324301
382.8084266
382.683357
382.5572195
382.4300123
382.3017334
382.1723811
382.0419533
381.9104482
381.7778638
381.6441982
381.5094492
381.3736151
381.2366936
381.0986827
380.9595804
380.8193845
380.678093
380.5357036
380.3922142
380.2476226
380.1019265
379.9551238
379.8072122
379.6581892
379.5080528
379.3568004
379.2044297
379.0509383
378.8963239
378.7405839
378.5837158
378.4257173
378.2665857
378.1063185
377.9449131
377.7823669
377.6186772
377.4538415
377.287857
377.120721
376.9524307
376.7829833
376.6123761
376.4406062
376.2676707
376.0935668
375.9182915
375.7418418
375.5642148
375.3854074
375.2054165
375.0242391
374.8418721
374.6583123
374.4735564
374.2876014
374.1004439
373.9120806
373.7225082
373.5317234
373.3397227
373.1465027
372.95206
372.756391
372.5594922
372.3613599
372.1619907
371.9613808
371.7595265
371.556424
371.3520697
371.1464597
370.9395901
370.7314569
370.5220564
370.3113845
370.0994371
369.8862102
369.6716996
369.4559013
369.2388109
369.0204243
368.8007371
368.579745
368.3574437
368.1338285
367.9088952
367.6826391
367.4550556
367.2261401
366.9958879
366.7642943
366.5313545
366.2970635
366.0614166
365.8244088
365.586035
365.3462902
365.1051693
364.862667
364.6187782
364.3734975
364.1268196
363.878739
363.6292503
363.378348
363.1260264
362.8722799
362.6171027
362.360489
362.102433
361.8429287
361.5819701
361.3195512
361.0556658
360.7903077
360.5234706
360.2551481
359.9853339
359.7140214
359.441204
359.166875
358.8910278
358.6136554
358.3347511
358.0543077
357.7723183
357.4887757
357.2036726
356.9170017
356.6287556
356.3389268
356.0475076
355.7544905
355.4598675
355.1636309
354.8657726
354.5662846
354.2651587
353.9623866
353.6579599
353.3518701
353.0441087
352.734667
352.423536
352.1107069
351.7961707
351.4799182
351.1619402
350.8422271
350.5207696
350.1975579
349.8725824
349.5458331
349.2172999
348.8869729
348.5548416
348.2208956
347.8851244
347.5475172
347.2080633
346.8667516
346.523571
346.1785101
345.8315576
345.4827019
345.131931
344.7792332
344.4245964
344.0680082
343.7094563
343.3489279
342.9864105
342.6218909
342.255356
341.8867925
341.5161868
341.1435253
340.768794
340.3919787
340.0130652
339.6320388
339.2488849
338.8635884
338.4761341
338.0865067
337.6946904
337.3006693
336.9044274
336.5059482
336.105215
335.7022111
335.2969192
334.8893219
334.4794016
334.0671402
333.6525195
333.235521
332.8161257
332.3943147
331.9700683
331.543367
331.1141904
330.6825184
330.24833
329.8116042
329.3723195
328.9304542
328.4859861
328.0388926
327.5891508
327.1367373
326.6816284
326.2238001
325.7632276
325.2998861
324.8337501
324.3647938
323.8929907
323.4183141
322.9407367
322.4602307
321.9767677
321.490319
321.0008552
320.5083464
320.0127622
319.5140714
319.0122425
318.5072433
317.9990409
317.4876017
316.9728918
316.4548762
315.9335195
315.4087855
314.8806372
314.349037
313.8139464
313.2753263
312.7331366
312.1873364
311.637884
311.084737
310.5278516
309.9671837
309.4026877
308.8343173
308.2620252
307.6857629
307.105481
306.5211288
305.9326547
305.3400058
304.7431278
304.1419656
303.5364624
302.9265602
302.3121998
301.6933203
301.0698596
300.4417539
299.8089379
299.1713447
298.5289059
297.881551
297.229208
296.5718032
295.9092605
295.2415023
294.5684488
293.890018
293.2061258
292.5166857
291.8216092
291.1208048
290.414179
289.7016353
288.9830746
288.2583951
287.5274917
286.7902566
286.0465786
285.2963432
284.5394325
283.7757249
283.0050952
282.2274142
281.4425485
280.6503608
279.8507089
279.0434463
278.2284216
277.4054781
276.5744542
275.7351824
274.8874896
274.0311965
273.1661175
272.2920602
271.4088254
270.5162062
269.6139882
268.7019488
267.7798568
266.8474718
265.9045443
264.9508142
263.9860113
263.0098539
262.0220486
261.0222893
260.0102569
258.985618
257.9480245
256.8971122
255.8325003
254.75379
253.6605634
252.5523823
251.4287867
250.2892935
249.1333947
247.9605557
246.7702134
245.5617741
244.334611
243.0880618
241.8214261
240.5339618
239.2248823
237.8933522
236.5384835
235.1593308
233.7548861
232.3240731
230.8657407
229.3786558
227.861495
226.3128353
224.7311439
223.114766
221.4619113
219.7706387
218.0388376
216.2642081
214.4442365
212.5761671
210.6569699
208.6833015
206.6514593
204.5573267
202.3963075
200.1632462
197.852331
195.456974
192.9696634
190.3817764
187.6833433
184.8627423
181.906303
178.7977798
175.5176411
172.042091
168.341689
164.3793504
160.1073541
155.4626929
150.359502
144.6760034
138.2302699
130.7306017
124.6712403
124.5000918
124.3307324
124.121993
123.8562102
123.6326758
123.3745088
123.1581251
122.9630461
122.7375261
122.553102
122.3713394
122.158804
121.9819382
121.7930195
121.6008333
121.4380262
121.2645989
121.0802365
120.9206281
120.7369434
120.5944298
120.4604251
120.300631
120.1660315
120.0270713
119.8689606
119.730603
119.572501
119.4203124
119.2999351
119.1711147
119.0419903
118.9170652
118.7725325
118.6568636
118.5434754
118.4105418
118.2920645
118.162712
118.0328454
117.9237863
117.79839
117.6749951
117.574537
117.4697021
117.3655889
117.2630519
117.1305307
117.0239719
116.9232592
116.8177098
116.7229758
116.6136588
116.4991676
116.4064246
116.3036239
116.2074972
116.1194463
116.0135081
115.9218706
115.8313674
115.7249836
115.6363382
115.5429643
115.4529437
115.3740203
115.2878282
115.1888095
115.105977
115.0144168
114.9323258
114.8544339
114.7612562
114.6824625
114.6017988
114.5093855
114.4395821
114.3664371
114.2771094
114.2016243
114.1114657
114.0373006
113.9685579
113.8759814
113.7956662
113.7189174
113.6390636
113.5644849
113.4830871
113.4048706
113.3393733
113.2646238
113.1900448
113.1245481
113.0462297
112.9757278
112.912524
112.8463015
112.7793251
112.7112634
112.6319772
112.5756082
112.5192392
112.4604875
112.4245667
112.3989225
112.3661304
112.3275707
112.2624159
112.1589725
112.0485156
111.9102207
111.838417
111.7849876
111.7900998
111.792186
111.7921762
111.7319799
111.6553471
111.525229
111.3903093
111.2792184
111.1993051
111.1405091
111.084851
111.0319116
110.9878676
110.9391623
110.8749936
110.8156369
110.7387389
110.6767017
110.6265949
110.5737689
110.527629
110.4826177
110.4293505
110.3766016
110.3169157
110.2384455
110.1793953
110.1175398
110.0675161
110.0238649
109.9718448
109.9252864
109.8796274
109.8268387
109.7817671
109.7359846
109.6829998
109.6389595
109.5909437
109.539521
109.4959285
109.4450915
109.3846273
109.3298517
109.2639285
109.2161415
109.1686594
109.1021008
109.0470412
108.9887604
108.9362708
108.8930205
108.8436884
108.7934791
108.7498693
108.6979527
108.6505355
108.6062865
108.5531406
108.5169852
108.4826742
108.4428774
108.4023928
108.35522
108.3165783
108.2842426
108.2459171
108.2088733
108.1771189
108.151041
108.1170495
108.0793102
108.0381944
107.9940732
107.9473175
107.8982984
107.8473871
107.7949547
107.7413721
107.6870104
107.6322409
107.5774344
107.5229621
107.4691951
107.4165044
107.3652612
107.3158364
107.2686012
107.2239267
107.1821839
107.1437439
107.1089777
107.0817772
107.0564556
107.0301764
106.9966639
106.9604537
106.9072176
106.8714518
106.8357642
106.7962885
106.7570448
106.7082892
106.6704243
106.6377095
106.5989349
106.5631696
106.5300355
106.490213
106.446675
106.4032448
106.3634038
106.3302468
106.2946044
106.2562497
106.2224728
106.1851931
106.1483672
106.1155497
106.076156
106.0412182
106.007698
105.9677472
105.9341362
105.8993407
105.8598553
105.8269962
105.7903493
105.7523153
105.7145539
105.662978
105.6380686
105.6152307
105.5889193
105.5472125
105.5039966
105.464151
105.438655
105.4140366
105.3751179
105.3424371
105.3047386
105.2677792
105.2349812
105.1956471
105.1606226
105.1273017
105.0875052
105.0617264
105.0379865
105.0149922
104.9916235
104.9656781
104.9373879
104.9069848
104.8747007
104.8407675
104.8054173
104.7688818
104.731393
104.6931828
104.6544832
104.615526
104.5765432
104.5377668
104.4994285
104.4617604
104.4249944
104.3893623
104.3550962
104.3224279
104.2915893
104.2628124
104.2363291
104.2123713
104.2007087
104.1850953
104.1605015
104.1223126
104.0952945
104.0693934
104.0334769
104.004504
103.9780038
103.9549964
103.9279061
103.874769
103.8462941
103.8226164
103.7965749
103.7747557
103.7497836
103.7249028
103.6940313
103.6418089
103.6161394
103.593968
103.5674683
103.5443277
103.5216314
103.4951583
103.4590567
103.41162
103.386114
103.3642832
103.3386749
103.3145481
103.2925467
103.2660927
103.2333578
103.2018545
103.1752135
103.1453108
103.1105408
103.0843707
103.0628285
103.0379417
103.013055
102.9912262
102.9651351
102.9415993
102.9193569
102.8927223
102.8523144
102.8098142
102.7833573
102.7613385
102.7372119
102.7116424
102.6954688
102.6825807
102.6703254
102.6620249
102.6521023
102.6314298
102.608575
102.5837381
102.5571194
102.5289191
102.4993374
102.4685746
102.436831
102.4043066
102.3712019
102.3377171
102.3040523
102.2704078
102.2369839
102.2039808
102.1715987
102.1400379
102.1094986
102.0801811
102.0522855
102.0260122
102.0015614
101.9791333
101.9589281
101.9521905
101.9315901
101.9091674
101.8825421
101.8605848
101.8366879
101.810471
101.7888183
101.7640967
101.7390458
101.7172357
101.6912424
101.6675783
101.6454264
101.6188389
101.5961846
101.5733078
101.5468079
101.5248114
101.5014454
101.4885608
101.472217
101.4466625
101.4219691
101.4003474
101.3739905
101.3608987
101.3470863
101.3204695
101.2981732
101.2748203
101.248599
101.2267342
101.2020919
101.176962
101.1551606
101.1292188
101.1058537
101.0830565
101.0566903
101.0340909
101.0112747
100.9847759
100.9701732
100.9574982
100.9317295
100.9157019
100.903019
100.8788666
100.8569896
100.830665
100.80747
100.7850618
100.7584284
100.7362774
100.7139595
100.7008659
100.7102312
100.7017391
100.6830323
100.6625128
100.6403385
100.6166676
100.5916581
100.5654681
100.5382555
100.5101784
100.481395
100.4520631
100.422341
100.3923865
100.3623578
100.332413
100.3027099
100.2734068
100.2446617
100.2166325
100.1894774
100.1633544
100.1384215
100.1148368
100.0927583
100.0723441
100.0537522
100.0480702
100.0648782
100.077822
100.0564977
100.0338797
100.0075758
100.0036802
99.99950599
99.97296211
99.95089091
99.92711362
99.90121066
99.87943939
99.85423136
99.84173303
99.82648242
99.80025954
99.78733057
99.7762455
99.76305532
99.74279301
99.71982966
99.69349492
99.67161379
99.64750136
99.63484425
99.62390133
99.61102729
99.58779573
99.56933446
99.55604623
99.53508058
99.51244067
99.48588507
99.47148912
99.4587532
99.4329758
99.41666105
99.40445382
99.37990639
99.35809615
99.33188371
99.31894563
99.30490947
99.2783111
99.26452769
99.25142394
99.22505672
99.20320652
99.17957472
99.17957773
99.17440809
99.16151136
99.14027138
99.12654341
99.11143549
99.09504833
99.07748261
99.05883904
99.0392183
99.0187211
98.99744812
98.97550006
98.95297762
98.9299815
98.90661238
98.88297096
98.85915794
98.83527402
98.81141988
98.78769623
98.76420375
98.74104315
98.71831511
98.69612034
98.67455953
98.65373337
98.63374256
98.61468779
98.59666977
98.57978917
98.56414671
98.54984307
98.55518105
98.56933476
98.57818371
98.55240534
98.52996261
98.50535411
98.49289301
98.47740425
98.45130732
98.4384823
98.42731744
98.41399641
98.39387194
98.37253858
98.35932017
98.34828715
98.33573613
98.3101943
98.29398409
98.28107745
98.26877284
98.25412913
98.22771793
98.21455778
98.20323336
98.18990713
98.17077511
98.14835482
98.13530814
98.12434284
98.11192377
98.08702129
98.06987655
98.05680733
98.04498705
98.03086759
98.00434596
97.99028525
97.97910769
97.96585354
97.94766431
97.92412018
97.91132231
97.90038222
97.88763905
97.8638825
97.84586138
97.83262886
97.82106015
97.80738965
97.78079978
97.76686913
97.75487122
97.74180482
97.73741801
97.73747287
97.75335277
97.74049212
97.72630281
97.71088842
97.69435254
97.67679875
97.65833061
97.63905173
97.61906567
97.59847601
97.57738633
97.55590022
97.53412125
97.512153
97.49009905
97.46806299
97.44614838
97.42445882
97.40309788
97.38216913
97.36177617
97.34202257
97.3230119
97.30484776
97.28763371
97.27147334
97.25647023
97.24272795
97.23234231
97.23162909
97.23164051
97.23161027
97.22974379
97.21647213
97.19808714
97.17480527
97.16194323
97.1510011
97.13832951
97.11430799
97.09651329
97.08331216
97.08176667
97.07657383
97.049971
97.02774582
97.00674469
97.00669588
97.00022386
96.98781108
96.96267011
96.94581475
96.93281992
96.92090152
96.90651184
96.87997538
96.86658415
96.85706172
96.85703112
96.84947175
96.8368828
96.81125646
96.79473976
96.7823984
96.77014445
96.75505506
96.72876976
96.71581275
96.7072235
96.70719163
96.69870497
96.68578908
96.65954289
96.64436926
96.63206113
96.61940829
96.60352726
96.57768032
96.56504682
96.55722717
96.55730456
96.54796478
96.53351443
96.51582339
96.50579294
96.49484352
96.48303988
96.47044679
96.457129
96.44315124
96.42857827
96.41347485
96.39790573
96.38193565
96.36562937
96.34905163
96.33226719
96.3153408
96.29833721
96.28132118
96.26435744
96.24751076
96.23084588
96.21442755
96.19832053
96.18258956
96.1672994
96.1525148
96.13830051
96.12472128
96.11184186
96.09972699
96.08844144
96.07804996
96.07529261
96.08904615
96.08907689
96.06831114
96.04888203
96.03556359
96.03293191
96.0314283
96.01822819
96.00044043
95.9764101
95.96374115
95.95282329
95.93994574
95.92815052
95.91678881
95.90364852
95.89226394
95.88091827
95.86760605
95.84877052
95.82601172
95.81306615
95.80818114
95.80816795
95.79587866
95.78058078
95.75441149
95.74156766
95.73333455
95.73336862
95.72445773
95.71142365
95.68507332
95.67016006
95.65833479
95.65831718
95.65299138
95.64019365
95.61679266
95.59850758
95.58524543
95.58340907
95.58113832
95.5678306
95.54890053
95.52627089
95.51329913
95.50831674
95.50848764
95.4961449
95.48527085
95.47219049
95.47034274
95.46180764
95.45240692
95.4422035
95.43126033
95.41964033
95.40740646
95.39462163
95.38134878
95.36765086
95.3535908
95.33923153
95.32463598
95.3098671
95.29498782
95.28006106
95.26514978
95.25031691
95.23562537
95.22113811
95.20691806
95.19302815
95.17953133
95.16649052
95.15396867
95.1420287
95.13073356
95.12014618
95.11032949
95.10134643
95.09710059
95.08923911
95.07719906
95.06444305
95.05898453
95.05896569
95.04730546
95.03252256
95.00611988
94.99301074
94.98406778
94.98403705
94.97621828
94.96304087
94.9369217
94.92158359
94.90913233
94.90912083
94.90438979
94.89139785
94.86886364
94.84985104
94.83654018
94.83424913
94.83420325
94.83417787
94.82689018
94.81434949
94.78872255
94.7725391
94.75973528
94.75913855
94.75530208
94.74212581
94.72068578
94.70068277
94.68737588
94.68437719
94.68319406
94.67010774
94.65920522
94.6468291
94.63431822
94.62343438
94.61042075
94.60963022
94.60618582
94.59290061
94.57251401
94.55147406
94.53824752
94.5345719
94.53452982
94.53449517
94.52885442
94.51617722
94.49590466
94.48860982
94.48055069
94.47178658
94.46237679
94.45238063
94.4418574
94.43086641
94.41946697
94.40771836
94.39567991
94.38341092
94.37097069
94.35841853
94.34581374
94.33321562
94.32068349
94.30827664
94.29605439
94.28407603
94.27240087
94.26108822
94.25019738
94.23978765
94.22991835
94.22064877
94.21203822
94.20414601
94.19669968
94.17606668
94.16276595
94.16000632
94.16124571
94.17437134
94.18522978
94.19719826
94.18456176
94.17373957
94.16077625
94.16011121
94.15652014
94.14326185
94.13190782
94.12050992
94.10724224
94.09623985
94.08502274
94.08500069
94.07915556
94.06654928
94.05431154
94.04336388
94.03021315
94.01863474
94.01011138
94.01008036
94.00188658
93.98854338
93.96227966
93.94725515
93.93517957
93.9352017
93.93515172
93.93516291
93.92395133
93.90950345
93.88299039
93.86966509
93.86028044
93.8602721
93.86022476
93.8594754
93.84680481
93.82950645
93.8044865
93.79206636
93.78537163
93.78534243
93.78529778
93.78252448
93.76920888
93.7494872
93.72774561
93.71461279
93.71045498
93.71041439
93.7103773
93.7052289
93.69237801
93.66937915
93.65041572
93.63736046
93.63553054
93.63548555
93.63546357
93.62769821
93.61502865
93.58911441
93.57336782
93.56073839
93.56060542
93.5605557
93.56055844
93.55008582
93.53620522
93.50967364
93.49545025
93.4856761
93.48567519
93.48562662
93.48529566
93.47253911
93.45648176
93.43076804
93.41819393
93.41077076
93.41074632
93.41070037
93.40852686
93.39524364
93.38418528
93.37237319
93.35953095
93.34829417
93.33592212
93.33580627
93.33133155
93.31827049
93.30664871
93.30140185
93.31473367
93.36111607
93.4243468
93.53862279
93.61503287
93.68894423
93.79749896
93.36115977
93.35569452
93.35022927
93.34476403
93.33929878
93.33383353
93.32836828
93.32290303
93.31743779
93.31197254
93.30650729
93.30104204
93.29557679
93.29011155
93.2846463
93.27918105
93.2737158
93.26825055
93.26278531
109.9314308
121.6588768
130.7305946
138.2302623
144.6759954
150.3594937
155.4626843
160.1073452
164.3793412
168.3416796
172.0420814
175.5176313
178.7977698
181.9062928
184.8627318
187.6833326
190.3817656
192.9696524
195.4569629
197.8523197
200.1632348
202.3962959
204.5573149
206.6514474
208.6832895
210.6569577
212.5761548
214.444224
216.2641955
218.0388248
219.7706258
221.4618983
223.1147528
224.7311306
226.3128219
227.8614815
229.3786422
230.865727
232.3240592
233.7548721
235.1593167
236.5384693
237.8933379
239.2248679
240.5339473
241.8214114
243.0880471
244.3345961
245.5617591
246.7701984
247.9605405
249.1333794
250.2892781
251.4287712
252.5523667
253.6605477
254.7537742
255.8324844
256.8970962
257.9480084
258.9856018
260.0102406
261.0222729
262.0220321
263.0098373
263.9859946
264.9507975
265.9045274
266.8474549
267.7798397
268.7019317
269.613971
270.5161888
271.4088079
272.2920427
273.1660999
274.0311788
274.8874718
275.7351645
276.5744362
277.40546
278.2284034
279.043428
279.8506905
280.6503423
281.44253
282.2273956
283.0050765
283.7757061
284.5394136
285.2963242
286.0465596
286.7902375
287.5274725
288.2583758
288.9830552
289.7016158
290.4141594
291.1207851
291.8215894
292.5166659
293.2061058
293.889998
294.5684287
295.2414821
295.9092402
296.5717828
297.2291876
297.8815304
298.5288852
299.171324
299.8089171
300.441733
301.0698386
301.6932993
302.3121787
302.926539
303.5364411
304.1419442
304.7431063
305.3399842
305.932633
306.5211071
307.1054591
307.685741
308.2620032
308.8342952
309.4026655
309.9671614
310.5278293
311.0847145
311.6378615
312.1873138
312.7331139
313.2753035
313.8139236
314.349014
314.8806142
315.4087624
315.9334963
316.4548529
316.9728684
317.4875783
317.9990174
318.5072197
319.0122189
319.5140477
320.0127383
320.5083225
321.0008312
321.4902949
321.9767435
322.4602064
322.9407124
323.4182897
323.8929662
324.3647692
324.8337255
325.2998614
325.7632028
326.2237751
326.6816034
327.1367122
327.5891256
328.0388674
328.4859608
328.9304288
329.3722941
329.8115786
330.2483043
330.6824926
331.1141646
331.5433411
331.9700424
332.3942886
332.8160996
333.2354947
333.6524932
334.0671138
334.4793751
334.8892954
335.2968926
335.7021844
336.1051882
336.5059213
336.9044004
337.3006423
337.6946632
338.0864795
338.4761068
338.863561
339.2488574
339.6320113
340.0130375
340.391951
340.7687662
341.1434975
341.5161589
341.8867645
342.2553279
342.6218627
342.9863822
343.3488996
343.7094278
344.0679797
344.4245678
344.7792046
345.1319023
345.482673
345.8315287
346.1784811
346.5235419
346.8667225
347.2080341
347.5474879
347.885095
348.2208661
348.554812
348.8869432
349.2172702
349.5458032
349.8725525
350.1975279
350.5207395
350.842197
351.1619099
351.4798879
351.7961404
352.1106765
352.4235055
352.7346363
353.044078
353.3518394
353.657929
353.9623556
354.2651277
354.5662535
354.8657414
355.1635996
355.4598362
355.754459
356.0474761
356.3388952
356.6287239
356.9169699
357.2036407
357.4887438
357.7722863
358.0542757
358.3347189
358.6136232
358.8909954
359.1668426
359.4411715
359.7139888
359.9853012
360.2551154
360.5234377
360.7902748
361.0556328
361.3195181
361.5819369
361.8428954
362.1023996
362.3604556
362.6170692
362.8722463
363.1259928
363.3783143
363.6292165
363.8787051
364.1267856
364.3734634
364.618744
364.8626328
365.105135
365.3462558
365.5860005
365.8243743
366.061382
366.2970288
366.5313197
366.7642594
366.995853
367.2261051
367.4550205
367.6826039
367.9088599
368.1337932
368.3574082
368.5797095
368.8007015
369.0203886
369.2387751
369.4558654
369.6716637
369.8861741
370.099401
370.3113483
370.5220202
370.7314206
370.9395536
371.1464232
371.3520331
371.5563874
371.7594897
371.9613439
372.1619538
372.3613229
372.5594551
372.7563538
372.9520228
373.1464654
373.3396853
373.5316859
373.7224707
373.912043
374.1004062
374.2875636
374.4735186
374.6582743
374.841834
375.024201
375.2053783
375.3853691
375.5641764
375.7418033
375.9182529
376.0935282
376.267632
376.4405674
376.6123372
376.7829444
376.9523916
377.1206818
377.2878178
377.4538022
377.6186379
377.7823274
377.9448735
378.1062789
378.266546
378.4256775
378.583676
378.7405439
378.8962839
379.0508982
379.2043895
379.3567601
379.5080124
379.6581488
379.8071716
379.9550832
380.1018859
380.2475818
380.3921733
380.5356627
380.678052
380.8193434
380.9595392
381.0986414
381.2366522
381.3735736
381.5094077
381.6441566
381.7778222
381.9104065
382.0419115
382.1723392
382.3016915
382.4299702
382.5571774
382.6833148
382.8083843
382.9323877
383.0553268
383.1772034
383.2980193
383.4177761
383.5364757
383.6541198
383.7707099
383.8862479
384.0007352
384.1141736
384.2265647
384.33791
384.4482111
384.5574696
384.665687
384.7728648
384.8790045
384.9841076
385.0881756
385.1912098
385.2932118
385.3941829
385.4941246
385.5930381
385.6909249
385.7877862
385.8836235
385.9784381
386.0722311
386.1650039
386.2567578
386.3474939
386.4372136
386.5259179
386.6136082
386.7002856
386.7859512
386.8706062
386.9542517
387.0368889
387.1185188
387.1991425
387.2787611
387.3573756
387.4349871
387.5115967
387.5872052
387.6618137
387.7354232
387.8080347
387.879649
387.9502672
388.0198901
388.0885187
388.1561538
388.2227963
388.2884471
388.3531071
388.416777
388.4794578
388.5411501
388.6018548
388.6615727
388.7203045
388.7780511
388.834813
388.8905911
388.9453861
388.9991987
389.0520295
389.1038792
389.1547486
389.2046381
389.2535485
389.3014805
389.3484344
389.3944111
389.4394111
389.4834349
389.526483
389.5685561
389.6096547
389.6497792
389.6889302
389.7271082
389.7643136
389.800547
389.8358087
389.8700992
389.903419
389.9357684
389.9671479
389.9975578
390.0269986
390.0554706
390.0829741
390.1095095
390.1350771
390.1596773
390.1833103
390.2059765
390.227676
390.2484093
390.2681765
390.2869779
390.3048137
390.3216842
390.3375895
390.3525299
390.3665055
390.3795166
390.3915632
390.4026455
390.4127637
390.4219178
390.4301081
390.4373345
390.4435972
390.4488963
390.4532318
390.4566038
390.4590123
390.4604574
390.460939
